Date,SPY Put/Call Ratio,SPY Put Volume,SPY Call Volume,Total SPY Options Volume
7/6/10,1.91,446308,233843,680151
7/7/10,0.91,302882,331481,634363
7/8/10,1.12,280436,251021,531457
7/9/10,1.2,376805,315132,691937
7/12/10,1.49,421390,283127,704517
7/13/10,1.25,652349,519892,1172241
7/14/10,1.01,475499,469171,944670
7/15/10,0.87,365810,421520,787330
7/16/10,2.22,416822,187961,604783
7/19/10,1.76,277724,158190,435914
7/20/10,1.49,258007,173110,431117
7/21/10,2.48,496196,199764,695960
7/22/10,1.27,229104,180425,409529
7/23/10,1.59,296888,186205,483093
7/26/10,1.7,256861,151049,407910
7/27/10,1.4,279835,200452,480287
7/28/10,1.99,211544,106265,317809
7/29/10,1.74,207817,119150,326967
7/30/10,1.18,228363,193948,422311
8/2/10,2.1,413466,196904,610370
8/3/10,1.27,246879,194021,440900
8/4/10,3.29,333891,101417,435308
8/5/10,2.67,287807,107609,395416
8/6/10,1.74,279442,160365,439807
8/9/10,2.01,234983,117091,352074
8/10/10,2.49,311464,125181,436645
8/11/10,1.64,476682,291174,767856
8/12/10,2.98,444674,149367,594041
8/13/10,1.83,274615,149993,424608
8/16/10,1.55,381664,246236,627900
8/17/10,1.72,462916,269395,732311
8/18/10,1.92,692770,361525,1054295
8/19/10,1.31,581072,442228,1023300
8/20/10,2.03,471009,232471,703480
8/23/10,1.78,285260,160060,445320
8/24/10,0.87,253205,290972,544177
8/25/10,1.97,414968,210619,625587
8/26/10,1.47,353615,240743,594358
8/27/10,1.11,381093,343799,724892
8/30/10,3.04,361417,118995,480412
8/31/10,1.82,299674,164500,464174
9/1/10,1.21,528544,438618,967162
9/2/10,1.31,274573,210312,484885
9/3/10,2.08,458007,220653,678660
9/7/10,2,325774,163212,488986
9/8/10,2.04,402237,197068,599305
9/9/10,1.88,491183,261832,753015
9/10/10,1.95,457802,234282,692084
9/13/10,0.92,446342,486545,932887
9/14/10,1.58,543980,344231,888211
9/15/10,1.53,692490,453308,1145798
9/16/10,1.03,519709,505167,1024876
9/17/10,2.4,398714,166039,564753
9/20/10,2.16,434344,200634,634978
9/21/10,2.01,479147,238532,717679
9/22/10,2.14,335991,157311,493302
9/23/10,1.7,238462,140564,379026
9/24/10,1.57,325244,206797,532041
9/27/10,1.73,285811,165309,451120
9/28/10,2.36,356450,151125,507575
9/29/10,1.42,273665,192207,465872
9/30/10,1.76,306815,174032,480847
10/1/10,1.32,250192,189120,439312
10/4/10,1.48,284004,191362,475366
10/5/10,1.16,423086,364935,788021
10/6/10,1.43,291673,203528,495201
10/7/10,1.38,311060,225162,536222
10/8/10,1.69,342152,202901,545053
10/11/10,1.49,435530,292632,728162
10/12/10,1.79,391360,218347,609707
10/13/10,1.27,719009,566538,1285547
10/14/10,1.49,602603,404512,1007115
10/15/10,2.85,402112,140893,543005
10/18/10,1.45,258230,178633,436863
10/19/10,1.46,311205,213441,524646
10/20/10,1.93,636058,330030,966088
10/21/10,1.7,395101,231824,626925
10/22/10,1.06,270423,255459,525882
10/25/10,1.91,366773,191817,558590
10/26/10,1.97,324875,164611,489486
10/27/10,2.15,354334,164490,518824
10/28/10,2.22,372243,167631,539874
10/29/10,3.37,412796,122416,535212
11/1/10,2.57,332110,129011,461121
11/2/10,1.21,237656,196660,434316
11/3/10,1.97,340559,172666,513225
11/4/10,1.73,821214,474096,1295310
11/5/10,1.62,457927,282470,740397
11/8/10,1.25,267589,214469,482058
11/9/10,1.59,328221,206254,534475
11/10/10,1.61,332418,206909,539327
11/11/10,1.64,264923,161571,426494
11/12/10,1.22,482395,394483,876878
11/15/10,1.46,282617,193520,476137
11/16/10,1.8,688513,382553,1071066
11/17/10,1.6,647764,405506,1053270
11/18/10,1.19,559045,468464,1027509
11/19/10,1.09,354882,324830,679712
11/22/10,2.21,345343,156142,501485
11/23/10,1.99,360070,181312,541382
11/24/10,2,301226,150502,451728
11/26/10,2.07,142332,68602,210934
11/29/10,2.24,339116,151633,490749
11/30/10,2.12,342442,161303,503745
12/1/10,1.67,433978,260012,693990
12/2/10,1.58,440526,279162,719688
12/3/10,1.31,316799,241539,558338
12/6/10,1.32,343677,261073,604750
12/7/10,1.29,446408,347344,793752
12/8/10,2.05,409138,199800,608938
12/9/10,1.33,344052,259315,603367
12/10/10,1.48,480090,324017,804107
12/13/10,1.26,379467,301426,680893
12/14/10,1.1,360020,326470,686490
12/15/10,1.12,364332,325835,690167
12/16/10,1.1,332072,302961,635033
12/17/10,2.45,434691,177767,612458
12/20/10,1.92,251959,131482,383441
12/21/10,1.54,259066,168290,427356
12/22/10,2.75,426163,154970,581133
12/23/10,1.96,221915,113384,335299
12/27/10,2.06,109844,53326,163170
12/28/10,1.45,164714,113358,278072
12/29/10,1.74,173045,99667,272712
12/30/10,2.31,240358,103930,344288
12/31/10,1.97,168654,85563,254217
1/3/11,1.41,399556,284217,683773
1/4/11,1.5,260938,174445,435383
1/5/11,1.81,378145,209030,587175
1/6/11,0.86,317821,370381,688202
1/7/11,1.79,348059,194346,542405
1/10/11,1.59,215179,135231,350410
1/11/11,1.9,391935,206034,597969
1/12/11,1.29,386800,300364,687164
1/13/11,1.39,323465,232643,556108
1/14/11,1.46,361425,247644,609069
1/18/11,1.48,433990,293000,726990
1/19/11,2.28,923136,404894,1328030
1/20/11,1.65,544906,331153,876059
1/21/11,1.57,374895,239100,613995
1/24/11,2.06,288865,140098,428963
1/25/11,2.44,386234,158497,544731
1/26/11,1.06,321204,303675,624879
1/27/11,2.66,443392,166634,610026
1/28/11,2.31,614933,266085,881018
1/31/11,3.06,453935,148255,602190
2/1/11,1.21,423162,350111,773273
2/2/11,2.35,275503,117182,392685
2/3/11,1.67,317349,190429,507778
2/4/11,1.85,319476,172701,492177
2/7/11,1.85,371542,201266,572808
2/8/11,1.37,327761,238876,566637
2/9/11,1.46,413857,284144,698001
2/10/11,1.66,256436,154873,411309
2/11/11,1.84,448735,243787,692522
2/14/11,2.09,456977,218383,675360
2/15/11,1.79,349492,195773,545265
2/16/11,1.88,788840,420641,1209481
2/17/11,1.22,471153,387277,858430
2/18/11,2.75,489717,177837,667554
2/22/11,2.51,492638,196518,689156
2/23/11,1.37,398733,291055,689788
2/24/11,2.59,472217,182365,654582
2/25/11,1.88,423019,224422,647441
2/28/11,2.3,356714,155372,512086
3/1/11,2.31,477889,206728,684617
3/2/11,2.02,373438,184930,558368
3/3/11,1.6,429925,268639,698564
3/4/11,1.98,440799,223184,663983
3/7/11,2.28,324997,142290,467287
3/8/11,1.55,482187,310874,793061
3/9/11,2.27,365063,160827,525890
3/10/11,1.35,432281,319583,751864
3/11/11,2.08,450596,217141,667737
3/14/11,1.8,606242,336106,942348
3/15/11,1.69,718903,424336,1143239
3/16/11,2.51,1177409,468162,1645571
3/17/11,2.17,842651,388710,1231361
3/18/11,2.02,475254,234963,710217
3/21/11,2,474915,237775,712690
3/22/11,1.98,352837,178191,531028
3/23/11,1.4,301774,215825,517599
3/24/11,2.23,391567,175675,567242
3/25/11,1.99,431083,216323,647406
3/28/11,1.82,308909,170187,479096
3/29/11,1.73,237514,137199,374713
3/30/11,1.49,331270,222347,553617
3/31/11,2.1,324664,154341,479005
4/1/11,2.22,550947,248062,799009
4/4/11,2.15,351528,163851,515379
4/5/11,1.69,357147,210989,568136
4/6/11,1.48,245411,165849,411260
4/7/11,1.93,335297,173831,509128
4/8/11,1.73,393125,227537,620662
4/11/11,1.37,316288,230973,547261
4/12/11,1.5,480351,321063,801414
4/13/11,1.68,401680,238448,640128
4/14/11,1.58,603043,381694,984737
4/15/11,2.14,423879,198100,621979
4/18/11,1.81,341162,188450,529612
4/19/11,1.17,263777,226306,490083
4/20/11,2.17,563761,260028,823789
4/21/11,1.6,371682,232710,604392
4/25/11,1.3,118276,90837,209113
4/26/11,1.15,333044,290054,623098
4/27/11,1.21,278929,230735,509664
4/28/11,1.96,358727,183078,541805
4/29/11,1.75,468509,267411,735920
5/2/11,1.38,328867,238717,567584
5/3/11,1.84,350750,190184,540934
5/4/11,2.08,292007,140614,432621
5/5/11,1.94,396330,204708,601038
5/6/11,1.85,390609,211060,601669
5/9/11,1.94,211882,109438,321320
5/10/11,1.54,280090,181972,462062
5/11/11,2.2,443775,201536,645311
5/12/11,1.8,329366,182716,512082
5/13/11,1.81,337124,186281,523405
5/16/11,1.88,434100,231165,665265
5/17/11,1.89,553411,292448,845859
5/18/11,1.15,524719,455723,980442
5/19/11,1.8,648881,360091,1008972
5/20/11,2.08,471665,227136,698801
5/23/11,2.13,557752,262073,819825
5/24/11,1.84,298364,162275,460639
5/25/11,1.3,265495,203590,469085
5/26/11,1.76,397749,225802,623551
5/27/11,1.2,271929,226106,498035
5/31/11,1.61,256706,159424,416130
6/1/11,2.19,530877,242795,773672
6/2/11,1.61,388469,242022,630491
6/3/11,2.23,539584,242083,781667
6/6/11,1.46,487194,333513,820707
6/7/11,1.4,450517,321605,772122
6/8/11,1.77,526274,296987,823261
6/9/11,1.43,392746,275428,668174
6/10/11,1.77,598930,337467,936397
6/13/11,1.67,520904,312657,833561
6/14/11,1.5,585602,389228,974830
6/15/11,2.86,1182448,413868,1596316
6/16/11,1.92,789141,411952,1201093
6/17/11,2.03,457340,225314,682654
6/20/11,1.65,350213,211726,561939
6/21/11,1.57,489171,310657,799828
6/22/11,2.01,350585,174710,525295
6/23/11,2.41,543128,225471,768599
6/24/11,2.11,421362,199455,620817
6/27/11,2.42,419974,173358,593332
6/28/11,1.43,462199,324349,786548
6/29/11,1.4,444858,317250,762108
6/30/11,1.38,582471,422853,1005324
7/1/11,1.3,575081,441808,1016889
7/5/11,1.87,476711,254361,731072
7/6/11,2.04,403748,197464,601212
7/7/11,1.15,605708,528489,1134197
7/8/11,1.65,440601,266881,707482
7/11/11,2.88,727041,252068,979109
7/12/11,2.24,659525,294216,953741
7/13/11,1.86,506197,272384,778581
7/14/11,2,749008,373574,1122582
7/15/11,2.48,492180,198091,690271
7/18/11,1.99,502246,252767,755013
7/19/11,1.63,307003,188866,495869
7/20/11,1.98,420963,213021,633984
7/21/11,1.16,413207,355211,768418
7/22/11,1.58,328293,208421,536714
7/25/11,1.65,317712,192577,510289
7/26/11,1.99,259020,130485,389505
7/27/11,2.92,602797,206723,809520
7/28/11,1.6,388386,243443,631829
7/29/11,2.3,719899,312336,1032235
8/1/11,2.41,636053,263904,899957
8/2/11,2.1,872419,415921,1288340
8/3/11,1.51,764846,505187,1270033
8/4/11,2.24,1176255,526020,1702275
8/5/11,2.59,1552718,599925,2152643
8/8/11,2.04,1440873,704645,2145518
8/9/11,2.64,1448237,549192,1997429
8/10/11,1.74,920441,529725,1450166
8/11/11,1.38,875151,634528,1509679
8/12/11,1.79,762312,426792,1189104
8/15/11,2.1,738586,351876,1090462
8/16/11,1.4,671094,478242,1149336
8/17/11,2.19,1003554,457332,1460886
8/18/11,1.94,1268533,654950,1923483
8/19/11,1.67,674209,403124,1077333
8/22/11,2.01,498034,248141,746175
8/23/11,1.78,587142,330109,917251
8/24/11,1.73,634390,367648,1002038
8/25/11,1.72,442292,256641,698933
8/26/11,1.65,599471,363738,963209
8/29/11,2.26,670986,297343,968329
8/30/11,1.84,550027,299463,849490
8/31/11,1.4,563966,401887,965853
9/1/11,1.78,616683,345739,962422
9/2/11,1.88,623742,332355,956097
9/6/11,1.88,627915,334315,962230
9/7/11,1.98,679398,342755,1022153
9/8/11,1.26,486617,384749,871366
9/9/11,1.8,972308,540561,1512869
9/12/11,2.2,795196,360948,1156144
9/13/11,1.71,714627,418285,1132912
9/14/11,1.49,782607,523922,1306529
9/15/11,1.28,770832,602171,1373003
9/16/11,1.76,536185,305377,841562
9/19/11,2.33,352373,151291,503664
9/20/11,1.91,399160,208669,607829
9/21/11,2.66,919674,345973,1265647
9/22/11,2.75,840713,305208,1145921
9/23/11,1.31,475432,363289,838721
9/26/11,1.86,373691,201220,574911
9/27/11,1.82,532471,292619,825090
9/28/11,2.45,412611,168726,581337
9/29/11,2.2,476797,217102,693899
9/30/11,1.49,449586,300953,750539
10/3/11,2.29,688758,301073,989831
10/4/11,1.98,885824,448183,1334007
10/5/11,1.91,588192,308355,896547
10/6/11,1.7,646717,381298,1028015
10/7/11,2.16,559075,258329,817404
10/10/11,1.96,509134,260065,769199
10/11/11,1.9,486149,255436,741585
10/12/11,1.7,747380,438982,1186362
10/13/11,1.4,412365,294270,706635
10/14/11,1.71,502700,293517,796217
10/17/11,2.05,573795,279826,853621
10/18/11,1.64,539476,329739,869215
10/19/11,1.78,872288,490057,1362345
10/20/11,1.4,666036,474937,1140973
10/21/11,2.12,606638,286048,892686
10/24/11,2.24,719191,321049,1040240
10/25/11,1.94,341674,176088,517762
10/26/11,1.63,290404,178656,469060
10/27/11,1.6,821580,511936,1333516
10/28/11,1.54,429693,278463,708156
10/31/11,3.02,526876,174573,701449
11/1/11,2.29,760626,331572,1092198
11/2/11,2.29,441762,193119,634881
11/3/11,1.55,505289,325189,830478
11/4/11,1.57,336525,214469,550994
11/7/11,2.3,350127,152519,502646
11/8/11,1.91,458585,240253,698838
11/9/11,2.17,711870,328508,1040378
11/10/11,1.96,416434,211948,628382
11/11/11,1.48,430765,290576,721341
11/14/11,1.2,446063,372538,818601
11/15/11,1.59,467814,294739,762553
11/16/11,2.54,951672,373980,1325652
11/17/11,2.14,1044452,488053,1532505
11/18/11,1.05,414503,394695,809198
11/21/11,1.81,517185,285296,802481
11/22/11,1.66,461933,279092,741025
11/23/11,2.16,727227,336919,1064146
11/25/11,1.88,289543,154355,443898
11/28/11,2.71,390236,144260,534496
11/29/11,2.07,414480,200642,615122
11/30/11,2.33,706361,303182,1009543
12/1/11,1.54,477368,308980,786348
12/2/11,1.67,465757,279463,745220
12/5/11,1.52,446912,294585,741497
12/6/11,1.4,379354,271701,651055
12/7/11,1.17,392427,336097,728524
12/8/11,1.23,413714,335544,749258
12/9/11,1.61,556758,346567,903325
12/12/11,1.66,474128,286346,760474
12/13/11,1.57,705256,450524,1155780
12/14/11,1.74,658207,378966,1037173
12/15/11,1.8,612975,339758,952733
12/16/11,1.36,411954,303356,715310
12/19/11,1.6,291189,182087,473276
12/20/11,1.25,264452,212281,476733
12/21/11,2.53,513548,203292,716840
12/22/11,3.06,453426,148270,601696
12/23/11,1.84,234703,127814,362517
12/27/11,1.38,129409,94024,223433
12/28/11,2.19,205176,93786,298962
12/29/11,2.8,262557,93854,356411
12/30/11,1.49,182902,122837,305739
1/3/12,1.88,347027,184834,531861
1/4/12,1.99,278923,139835,418758
1/5/12,1.69,293902,173680,467582
1/6/12,1.45,337757,233240,570997
1/9/12,1.89,339113,179158,518271
1/10/12,1.44,376699,261146,637845
1/11/12,1.94,342948,176744,519692
1/12/12,1.58,349105,221225,570330
1/13/12,1.72,392713,228687,621400
1/17/12,1.44,409240,284696,693936
1/18/12,1.61,815717,505971,1321688
1/19/12,1.15,581422,505041,1086463
1/20/12,2.19,455866,208625,664491
1/23/12,2.23,367067,164730,531797
1/24/12,1.9,247426,129967,377393
1/25/12,1.68,276773,164588,441361
1/26/12,1.98,474526,240072,714598
1/27/12,1.75,361037,205849,566886
1/30/12,1.93,299306,155123,454429
1/31/12,1.59,235677,147843,383520
2/1/12,1.59,425766,268494,694260
2/2/12,1.97,276368,139944,416312
2/3/12,1.25,614365,491489,1105854
2/6/12,1.68,249977,148690,398667
2/7/12,2.63,332697,126655,459352
2/8/12,1.43,329159,229612,558771
2/9/12,1.54,422001,274182,696183
2/10/12,1.56,552782,354634,907416
2/13/12,2.27,471351,207225,678576
2/14/12,1.79,457109,255852,712961
2/15/12,2.41,925228,384411,1309639
2/16/12,1.65,659238,399437,1058675
2/17/12,2.12,434173,204608,638781
2/21/12,1.44,484034,335979,820013
2/22/12,2.11,476652,226385,703037
2/23/12,2.13,478566,224322,702888
2/24/12,2.24,469397,209678,679075
2/27/12,2.06,331661,161307,492968
2/28/12,1.21,291743,241785,533528
2/29/12,2.36,439058,186038,625096
3/1/12,2.35,424793,180588,605381
3/2/12,2.08,343214,165103,508317
3/5/12,2.09,332238,158717,490955
3/6/12,1.65,524728,318875,843603
3/7/12,1.77,356837,201100,557937
3/8/12,1,374323,374402,748725
3/9/12,1.46,378303,259019,637322
3/12/12,1.41,322989,228277,551266
3/13/12,1.35,582414,430649,1013063
3/14/12,1.03,426959,415293,842252
3/15/12,1.22,523453,429411,952864
3/16/12,2.07,446854,215532,662386
3/19/12,1.39,415041,298022,713063
3/20/12,2.19,422389,192814,615203
3/21/12,2.78,570743,205561,776304
3/22/12,2.41,454250,188344,642594
3/23/12,2.49,393347,157917,551264
3/26/12,1.73,381006,219938,600944
3/27/12,2.49,459758,184327,644085
3/28/12,2.57,492669,191562,684231
3/29/12,1.7,449344,264193,713537
3/30/12,2.44,412520,169010,581530
4/2/12,1.65,405147,245589,650736
4/3/12,1.74,380053,218337,598390
4/4/12,1.8,376078,209045,585123
4/5/12,2.27,436801,192337,629138
4/9/12,2.39,435601,182457,618058
4/10/12,1.56,688311,440298,1128609
4/11/12,1.97,448562,227469,676031
4/12/12,1.93,481092,248738,729830
4/13/12,2.15,432839,201372,634211
4/16/12,1.56,402489,258127,660616
4/17/12,1.47,432215,294270,726485
4/18/12,2.66,621828,233555,855383
4/19/12,1.7,659809,389110,1048919
4/20/12,1.52,351092,230312,581404
4/23/12,1.06,298679,280950,579629
4/24/12,2.57,304053,118499,422552
4/25/12,1.47,313709,213322,527031
4/26/12,1.19,367636,309175,676811
4/27/12,1.82,375948,206153,582101
4/30/12,2.07,238740,115367,354107
5/1/12,1.66,319161,191694,510855
5/2/12,2.33,378016,162057,540073
5/3/12,1.03,301964,293618,595582
5/4/12,1.75,560798,319568,880366
5/7/12,1.34,285072,212171,497243
5/8/12,2.02,508453,252015,760468
5/9/12,1.67,443306,265736,709042
5/10/12,1.53,459189,299926,759115
5/11/12,2.46,436861,177609,614470
5/14/12,2.61,700412,268605,969017
5/15/12,2.3,645851,280456,926307
5/16/12,2.3,914682,397267,1311949
5/17/12,2.5,1277102,511388,1788490
5/18/12,2.18,822209,377412,1199621
5/21/12,1.72,488733,283680,772413
5/22/12,1.69,523212,310111,833323
5/23/12,1.85,449951,242749,692700
5/24/12,1.56,476179,305071,781250
5/25/12,2.11,382297,181589,563886
5/29/12,1.61,415369,258391,673760
5/30/12,2.14,405552,189378,594930
5/31/12,2.16,572154,264770,836924
6/1/12,2.6,903208,346801,1250009
6/4/12,2.14,563177,263113,826290
6/5/12,2.17,510798,235014,745812
6/6/12,2.15,728974,339456,1068430
6/7/12,1.39,577814,414289,992103
6/8/12,1.21,388015,320215,708230
6/11/12,1.54,360169,234521,594690
6/12/12,1.54,369393,239693,609086
6/13/12,1.93,407820,211019,618839
6/14/12,1.37,533086,389695,922781
6/15/12,1.84,506441,274985,781426
6/18/12,1.73,413287,238336,651623
6/19/12,1.63,453948,278475,732423
6/20/12,1.98,555690,281243,836933
6/21/12,1.96,557610,284663,842273
6/22/12,1.53,432543,282162,714705
6/25/12,1.87,421838,225614,647452
6/26/12,1.52,266720,176004,442724
6/27/12,1.38,304131,220751,524882
6/28/12,1.92,323178,168547,491725
6/29/12,1.06,458030,431168,889198
7/2/12,1.67,373245,223757,597002
7/3/12,1.26,237293,187652,424945
7/5/12,1.59,316550,199635,516185
7/6/12,1.91,344554,180855,525409
7/9/12,2,317832,159176,477008
7/10/12,1.66,355399,213885,569284
7/11/12,1.21,309215,254610,563825
7/12/12,1.46,421251,287799,709050
7/13/12,1.53,475514,310009,785523
7/16/12,1.49,315117,211717,526834
7/17/12,1.09,419415,386206,805621
7/18/12,1.42,590236,417100,1007336
7/19/12,1.24,557620,450075,1007695
7/20/12,2.08,393538,189467,583005
7/23/12,1.39,323316,232297,555613
7/24/12,2.02,399102,197146,596248
7/25/12,1.39,301199,217212,518411
7/26/12,1.5,400811,266755,667566
7/27/12,1.19,501491,420198,921689
7/30/12,1.05,275513,262762,538275
7/31/12,1.01,237823,234460,472283
8/1/12,1.22,337866,277109,614975
8/2/12,1.21,398118,329886,728004
8/3/12,1.19,421775,353423,775198
8/6/12,1.49,308304,207154,515458
8/7/12,1.34,371909,276711,648620
8/8/12,1.38,273479,197601,471080
8/9/12,1.71,307588,180118,487706
8/10/12,1.49,276529,185291,461820
8/13/12,2.16,469853,217469,687322
8/14/12,1.77,377466,213092,590558
8/15/12,1.18,322606,273767,596373
8/16/12,1.08,671032,619681,1290713
8/17/12,1.56,349465,223340,572805
8/20/12,2.41,493085,204565,697650
8/21/12,1.26,393310,311473,704783
8/22/12,2.03,387703,191364,579067
8/23/12,1.63,414956,255242,670198
8/24/12,1.56,305392,195752,501144
8/27/12,1.86,220979,118963,339942
8/28/12,1.78,241203,135872,377075
8/29/12,1.74,216243,124121,340364
8/30/12,1.51,367403,243725,611128
8/31/12,1.66,339992,204530,544522
9/4/12,1.35,280887,207973,488860
9/5/12,2.06,302617,146658,449275
9/6/12,1.21,494363,407435,901798
9/7/12,1.64,576154,350839,926993
9/10/12,1.98,423603,214323,637926
9/11/12,1.8,484639,269520,754159
9/12/12,1.2,370272,308221,678493
9/13/12,0.96,588093,610823,1198916
9/14/12,0.99,616264,625390,1241654
9/17/12,1.33,355627,266972,622599
9/18/12,1.38,441965,321351,763316
9/19/12,1.42,568212,399070,967282
9/20/12,1.22,553308,454120,1007428
9/21/12,1.53,499524,327070,826594
9/24/12,2.11,357006,168997,526003
9/25/12,1.65,344159,209212,553371
9/26/12,1.71,405307,237399,642706
9/27/12,1.78,438713,245904,684617
9/28/12,2.21,433680,195875,629555
10/1/12,1.67,335502,201193,536695
10/2/12,2.17,287641,132660,420301
10/3/12,1.99,316797,159301,476098
10/4/12,1.55,426880,275730,702610
10/5/12,1.74,502377,289417,791794
10/8/12,1.82,216152,118837,334989
10/9/12,2.04,322534,158308,480842
10/10/12,1.74,426158,244662,670820
10/11/12,1.84,395525,214731,610256
10/12/12,2.05,517186,252669,769855
10/15/12,1.55,318494,205627,524121
10/16/12,1.04,343439,331268,674707
10/17/12,1.74,664199,381280,1045479
10/18/12,1.41,621782,442255,1064037
10/19/12,2.02,635710,315324,951034
10/22/12,1.66,446603,269536,716139
10/23/12,1.03,438420,425618,864038
10/24/12,1.51,309059,204322,513381
10/25/12,1.64,347371,211169,558540
10/26/12,1.63,393371,241416,634787
10/31/12,1.36,317199,232897,550096
11/1/12,1.84,466306,253801,720107
11/2/12,1.4,415171,297557,712728
11/5/12,1.38,338350,245806,584156
11/6/12,1.44,373618,258576,632194
11/7/12,1.22,632780,520237,1153017
11/8/12,1.52,652297,427835,1080132
11/9/12,2.15,811006,377073,1188079
11/12/12,1.69,459528,272427,731955
11/13/12,1.28,435452,340352,775804
11/14/12,1.95,870293,446092,1316385
11/15/12,1.86,956608,513844,1470452
11/16/12,1.64,718021,438352,1156373
11/19/12,1.26,362980,287348,650328
11/20/12,1.99,378477,189752,568229
11/21/12,2.17,416851,192212,609063
11/23/12,1.44,313037,217601,530638
11/26/12,1.18,303458,257022,560480
11/27/12,2.08,340538,163992,504530
11/28/12,1.12,287358,255541,542899
11/29/12,1.65,386965,234378,621343
11/30/12,1.83,412814,225692,638506
12/3/12,1.73,408202,236086,644288
12/4/12,1.89,404039,213966,618005
12/5/12,1.59,376166,235895,612061
12/6/12,1.81,379862,209897,589759
12/7/12,1.17,413497,354641,768138
12/10/12,1.53,352353,230621,582974
12/11/12,0.97,377884,389707,767591
12/12/12,1.51,416912,276269,693181
12/13/12,1.39,397410,286514,683924
12/14/12,1.63,464941,285062,750003
12/17/12,1.09,288637,265918,554555
12/18/12,1.09,560929,513834,1074763
12/19/12,1.38,788931,570590,1359521
12/20/12,1.46,725082,495047,1220129
12/21/12,2.03,714265,352594,1066859
12/24/12,1.95,223778,114981,338759
12/26/12,1.78,327177,183817,510994
12/27/12,1.73,446604,258314,704918
12/28/12,1.7,473715,278766,752481
12/31/12,1.52,464831,305152,769983
1/2/13,1.48,680770,461360,1142130
1/3/13,1.22,508287,418010,926297
1/4/13,1,377206,378756,755962
1/7/13,1.45,464899,320674,785573
1/8/13,2.08,443647,213792,657439
1/9/13,1.33,443695,333733,777428
1/10/13,1.19,426809,357414,784223
1/11/13,1.36,409969,301329,711298
1/14/13,1.56,403092,258555,661647
1/15/13,1.8,444905,246769,691674
1/16/13,1.85,612065,330892,942957
1/17/13,1.02,621876,607476,1229352
1/18/13,1.51,464799,307397,772196
1/22/13,1.53,509126,332332,841458
1/23/13,1.49,412315,276399,688714
1/24/13,1.3,637160,489743,1126903
1/25/13,1.29,436076,337388,773464
1/28/13,1.55,319980,206154,526134
1/29/13,1.78,483014,270758,753772
1/30/13,2.43,422616,173641,596257
1/31/13,1.98,337142,170691,507833
2/1/13,1.94,591164,304750,895914
2/4/13,1.96,436463,222697,659160
2/5/13,1.73,363747,209831,573578
2/6/13,1.86,349989,188308,538297
2/7/13,1.75,414670,237035,651705
2/8/13,1.57,488814,311547,800361
2/11/13,1.99,420241,211170,631411
2/12/13,1.4,418232,298764,716996
2/13/13,1.86,523178,280999,804177
2/14/13,1.4,476966,340183,817149
2/15/13,2.08,616071,296357,912428
2/19/13,1.89,541695,287156,828851
2/20/13,2.13,577474,270751,848225
2/21/13,1.55,685814,442225,1128039
2/22/13,1.89,467426,247029,714455
2/25/13,2.18,647909,297667,945576
2/26/13,1.79,689355,385358,1074713
2/27/13,1.8,609062,339237,948299
2/28/13,1.84,466910,254246,721156
3/1/13,1.99,559167,280745,839912
3/4/13,2.19,515620,235395,751015
3/5/13,1.29,793697,617249,1410946
3/6/13,1.23,462890,376957,839847
3/7/13,1.42,428378,301332,729710
3/8/13,1.35,567653,421484,989137
3/11/13,1.42,507572,357876,865448
3/12/13,1.38,664721,480605,1145326
3/13/13,1.15,397383,346186,743569
3/14/13,1.09,545989,499958,1045947
3/15/13,1.92,572256,297706,869962
3/18/13,1.64,389644,237130,626774
3/19/13,1.97,556288,282647,838935
3/20/13,1.83,602303,329469,931772
3/21/13,1.63,524743,321425,846168
3/22/13,1.96,441725,225696,667421
3/25/13,2.3,455940,198476,654416
3/26/13,1.54,354998,230369,585367
3/27/13,1.24,303568,244873,548441
3/28/13,1.5,488275,325759,814034
4/1/13,1.27,241378,189388,430766
4/2/13,1.29,381275,294652,675927
4/3/13,1.38,513230,371722,884952
4/4/13,1.43,375268,262098,637366
4/5/13,1.29,497606,387107,884713
4/8/13,1.09,250579,230812,481391
4/9/13,1.11,371366,335356,706722
4/10/13,1.01,609307,601305,1210612
4/11/13,1.08,614517,569942,1184459
4/12/13,1.41,539069,381121,920190
4/15/13,1.9,716556,376410,1092966
4/16/13,1.31,382713,291257,673970
4/17/13,2.02,871324,431156,1302480
4/18/13,1.43,792472,553424,1345896
4/19/13,1.54,483447,314527,797974
4/22/13,1.73,353209,204424,557633
4/23/13,1.29,468528,362758,831286
4/24/13,1.3,352935,270831,623766
4/25/13,1.44,361735,251545,613280
4/26/13,1.54,416497,271235,687732
4/29/13,1.68,317232,189288,506520
4/30/13,1.66,304982,183399,488381
5/1/13,1.56,414478,266133,680611
5/2/13,1.68,514025,306464,820489
5/3/13,1.01,745784,739387,1485171
5/6/13,1.04,400965,386298,787263
5/7/13,1.16,478332,411634,889966
5/8/13,1.06,525297,495794,1021091
5/9/13,1.27,579500,457623,1037123
5/10/13,1.62,526026,325387,851413
5/13/13,1.25,349061,279449,628510
5/14/13,1.07,747338,696834,1444172
5/15/13,0.86,623485,723228,1346713
5/16/13,1.55,645654,415677,1061331
5/17/13,1.43,608728,425817,1034545
5/20/13,1.46,416825,284903,701728
5/21/13,1.63,493460,302107,795567
5/22/13,1.33,825720,621603,1447323
5/23/13,1.51,538850,356478,895328
5/24/13,2.14,517966,242561,760527
5/28/13,1.6,345670,215898,561568
5/29/13,1.35,383910,283397,667307
5/30/13,1.87,391266,209098,600364
5/31/13,1.83,623616,340128,963744
6/3/13,1.19,452387,380664,833051
6/4/13,1.79,403246,224691,627937
6/5/13,1.45,745536,515482,1261018
6/6/13,1.86,905017,486259,1391276
6/7/13,1.58,601811,380689,982500
6/10/13,1.8,307397,170570,477967
6/11/13,1.84,422772,230004,652776
6/12/13,1.88,481715,256650,738365
6/13/13,1.59,556655,350014,906669
6/14/13,1.66,555999,335712,891711
6/17/13,1.48,432137,291076,723213
6/18/13,1.1,396718,360485,757203
6/19/13,1.75,622542,355825,978367
6/20/13,1.76,1469513,835561,2305074
6/21/13,1.69,844834,499311,1344145
6/24/13,1.46,822465,561780,1384245
6/25/13,2,493671,247229,740900
6/26/13,1.48,471217,317710,788927
6/27/13,1.72,597143,347190,944333
6/28/13,1.73,449461,260501,709962
7/1/13,1.71,408421,238851,647272
7/2/13,1.32,443400,335533,778933
7/3/13,1.81,270672,149868,420540
7/5/13,1.5,425230,282846,708076
7/8/13,1.52,694510,457551,1152061
7/9/13,1.13,510859,451654,962513
7/10/13,1.25,426578,341857,768435
7/11/13,1.2,685740,569656,1255396
7/12/13,1.35,515832,382307,898139
7/15/13,1.22,507495,417599,925094
7/16/13,1.74,485720,278637,764357
7/17/13,1.45,552918,381114,934032
7/18/13,1.15,664644,578033,1242677
7/19/13,1.38,367196,266073,633269
7/22/13,2.29,362466,158074,520540
7/23/13,1.62,285296,175796,461092
7/24/13,1.91,340841,178792,519633
7/25/13,1.65,338525,204866,543391
7/26/13,1.96,521981,266317,788298
7/29/13,1.95,274317,140426,414743
7/30/13,1.35,311831,231571,543402
7/31/13,1.65,385451,233602,619053
8/1/13,1.25,578265,464309,1042574
8/2/13,1.74,521405,300242,821647
8/5/13,1.58,379311,239525,618836
8/6/13,2.77,423070,152573,575643
8/7/13,1.67,335128,200512,535640
8/8/13,1.35,374716,277454,652170
8/9/13,2.1,459166,218132,677298
8/12/13,1.46,286792,196353,483145
8/13/13,1.28,373244,292642,665886
8/14/13,1.73,437841,252411,690252
8/15/13,1.48,770838,519621,1290459
8/16/13,1.91,608286,319157,927443
8/19/13,1.76,473073,268401,741474
8/20/13,1.72,380219,220980,601199
8/21/13,2.41,740639,307312,1047951
8/22/13,1.7,404745,238528,643273
8/23/13,2.1,399958,190691,590649
8/26/13,2,275924,138126,414050
8/27/13,1.7,663285,389211,1052496
8/28/13,1.14,419545,367866,787411
8/29/13,1.83,385188,210103,595291
8/30/13,2.12,437133,206288,643421
9/3/13,2.03,414491,204032,618523
9/4/13,1.54,404240,261754,665994
9/5/13,1.98,421359,212320,633679
9/6/13,1.61,535437,333440,868877
9/9/13,1.32,306055,231716,537771
9/10/13,1.43,534100,372272,906372
9/11/13,1.4,598335,427608,1025943
9/12/13,1.4,431250,307066,738316
9/13/13,1.45,354486,244399,598885
9/16/13,1.22,555268,453962,1009230
9/17/13,1.55,457244,294872,752116
9/18/13,1.04,744312,718486,1462798
9/19/13,0.96,603757,629429,1233186
9/20/13,1.8,574639,319126,893765
9/23/13,2.09,489928,233948,723876
9/24/13,1.52,364334,239787,604121
9/25/13,1.99,451853,227122,678975
9/26/13,1.35,400638,295876,696514
9/27/13,1.85,586718,317767,904485
9/30/13,2.4,577741,240385,818126
10/1/13,1.79,476134,266013,742147
10/2/13,1.43,456204,318708,774912
10/3/13,1.54,564293,365782,930075
10/4/13,1.77,506533,285531,792064
10/7/13,2.04,386981,189401,576382
10/8/13,1.59,640285,401970,1042255
10/9/13,1.68,675931,401949,1077880
10/10/13,1.45,694167,480045,1174212
10/11/13,1.9,588211,308838,897049
10/14/13,1.44,546662,378660,925322
10/15/13,1.48,556365,375255,931620
10/16/13,1.59,840864,529786,1370650
10/17/13,1.24,912667,736275,1648942
10/18/13,1.38,783635,568249,1351884
10/21/13,1.5,409258,272673,681931
10/22/13,1.06,469767,444123,913890
10/23/13,1.81,417911,231172,649083
10/24/13,1.53,354899,231485,586384
10/25/13,1.68,356483,212747,569230
10/28/13,1.53,527937,343993,871930
10/29/13,1.7,355301,209167,564468
10/30/13,1.39,598004,429420,1027424
10/31/13,1.59,421539,265634,687173
11/1/13,1.58,411286,260153,671439
11/4/13,1.69,321288,190082,511370
11/5/13,1.32,319738,243121,562859
11/6/13,1.37,343342,250407,593749
11/7/13,1.57,497612,316566,814178
11/8/13,1.74,524040,301165,825205
11/11/13,1.16,328101,282210,610311
11/12/13,0.97,442190,455745,897935
11/13/13,1.34,477281,356610,833891
11/14/13,1.11,717887,644815,1362702
11/15/13,1.58,468072,296156,764228
11/18/13,1.55,459202,296878,756080
11/19/13,1.28,403464,314459,717923
11/20/13,2.21,592367,267676,860043
11/21/13,1.67,326152,195254,521406
11/22/13,1.34,446745,334426,781171
11/25/13,1.53,385723,251810,637533
11/26/13,1.59,343574,216590,560164
11/27/13,1.42,358884,251980,610864
11/29/13,1.43,386789,270586,657375
12/2/13,1.58,333647,210511,544158
12/3/13,1.76,413417,234367,647784
12/4/13,1.63,479711,293813,773524
12/5/13,1.42,499987,351491,851478
12/6/13,1.8,579979,321559,901538
12/9/13,1.43,375099,261980,637079
12/10/13,1.82,403429,222059,625488
12/11/13,1.24,477402,384874,862276
12/12/13,1.34,482297,359973,842270
12/13/13,2.07,598034,288493,886527
12/16/13,1.88,411281,218805,630086
12/17/13,1.44,451088,312898,763986
12/18/13,1.34,832505,620438,1452943
12/19/13,1,709530,707495,1417025
12/20/13,2.08,888644,427333,1315977
12/23/13,1.4,374637,268369,643006
12/24/13,1.25,248583,199520,448103
12/26/13,1.08,355526,327728,683254
12/27/13,1.06,410332,387838,798170
12/30/13,1.32,390034,296526,686560
12/31/13,1.04,426903,409330,836233
1/2/14,1.8,721118,399712,1120830
1/3/14,1.96,591825,302122,893947
1/6/14,1.4,379739,271789,651528
1/7/14,2.03,423099,208016,631115
1/8/14,1.72,451134,262490,713624
1/9/14,1.61,476895,296378,773273
1/10/14,1.42,518662,365151,883813
1/13/14,1.63,588770,360431,949201
1/14/14,1.12,411956,369098,781054
1/15/14,1.11,460807,416227,877034
1/16/14,1.51,522985,346648,869633
1/17/14,2.25,544058,241735,785793
1/21/14,2.04,366668,180151,546819
1/22/14,3.23,554191,171381,725572
1/23/14,2.1,657220,313442,970662
1/24/14,1.97,968593,492746,1461339
1/27/14,1.8,909561,503979,1413540
1/28/14,1.67,381944,228938,610882
1/29/14,1.64,571683,348465,920148
1/30/14,1.6,484484,302646,787130
1/31/14,2.05,709889,346653,1056542
2/3/14,1.85,1023168,553553,1576721
2/4/14,1.89,694022,367592,1061614
2/5/14,1.9,533267,280940,814207
2/6/14,1.86,612734,329007,941741
2/7/14,1.46,669443,458204,1127647
2/10/14,1.5,366059,244722,610781
2/11/14,1.53,922815,603083,1525898
2/12/14,1.4,421141,301638,722779
2/13/14,1.36,494334,363180,857514
2/14/14,1.35,618477,458790,1077267
2/18/14,1.31,402749,306819,709568
2/19/14,1.81,936367,517570,1453937
2/20/14,1.95,597476,305762,903238
2/21/14,1.4,504055,359027,863082
2/24/14,1.37,524973,382201,907174
2/25/14,1.7,352779,207028,559807
2/26/14,1.69,375111,222396,597507
2/27/14,1.76,451195,255978,707173
2/28/14,1.4,685687,489876,1175563
3/3/14,2.28,538843,236234,775077
3/4/14,1.81,566537,313324,879861
3/5/14,2.02,501608,248170,749778
3/6/14,1.66,557670,336568,894238
3/7/14,1.75,623854,357255,981109
3/10/14,2.28,408557,179556,588113
3/11/14,1.42,462466,326466,788932
3/12/14,1.76,437458,248781,686239
3/13/14,1.41,605376,428678,1034054
3/14/14,2.55,762003,299191,1061194
3/17/14,1.52,385550,254046,639596
3/18/14,1.87,572904,306326,879230
3/19/14,1.42,542595,381996,924591
3/20/14,1.71,593705,348153,941858
3/21/14,1.97,604160,306939,911099
3/24/14,1.85,451650,244383,696033
3/25/14,1.79,328649,183927,512576
3/26/14,1.95,530666,272239,802905
3/27/14,1.63,464904,285929,750833
3/28/14,1.89,602415,318836,921251
3/31/14,1.39,374516,270271,644787
4/1/14,2.16,485731,224810,710541
4/2/14,1.13,395656,349643,745299
4/3/14,1.21,377733,312567,690300
4/4/14,1.77,776521,437552,1214073
4/7/14,1.59,560916,353801,914717
4/8/14,1.67,354733,212424,567157
4/9/14,1.45,360852,248728,609580
4/10/14,1.64,596914,363175,960089
4/11/14,1.95,901887,462832,1364719
4/14/14,2.62,571339,217709,789048
4/15/14,1.54,577596,374710,952306
4/16/14,1.49,681250,458350,1139600
4/17/14,1.47,503179,341480,844659
4/21/14,1.76,323904,183985,507889
4/22/14,1.18,485764,410800,896564
4/23/14,1.72,270329,157419,427748
4/24/14,1.7,362648,213856,576504
4/25/14,2.54,563814,221646,785460
4/28/14,1.37,292751,214399,507150
4/29/14,1.34,264942,197123,462065
4/30/14,1.76,265108,151004,416112
5/1/14,1.72,514562,299180,813742
5/2/14,1.79,503623,280676,784299
5/5/14,1.5,329243,220143,549386
5/6/14,1.35,337141,249485,586626
5/7/14,1.28,275867,214944,490811
5/8/14,1.42,424687,299608,724295
5/9/14,1.56,430956,276307,707263
5/12/14,1.35,425203,315575,740778
5/13/14,1.23,392833,318798,711631
5/14/14,1.75,592626,337931,930557
5/15/14,1.47,783393,532711,1316104
5/16/14,1.73,583108,337975,921083
5/19/14,2.2,356748,162028,518776
5/20/14,2.15,421560,196209,617769
5/21/14,2.16,670673,310986,981659
5/22/14,1.53,369040,240673,609713
5/23/14,1.31,455566,347853,803419
5/27/14,1.9,474676,249249,723925
5/28/14,1.72,401068,232814,633882
5/29/14,1.02,463415,452256,915671
5/30/14,1.47,478577,325702,804279
6/2/14,1.67,467548,279271,746819
6/3/14,1.99,393795,198245,592040
6/4/14,1.35,430763,318383,749146
6/5/14,1.17,696200,594502,1290702
6/6/14,1.36,684096,502929,1187025
6/9/14,1.2,461967,386120,848087
6/10/14,1.66,459406,277407,736813
6/11/14,1.54,390577,253892,644469
6/12/14,1.73,501515,290130,791645
6/13/14,1.81,484080,267852,751932
6/16/14,2.15,443223,206001,649224
6/17/14,1.88,541761,288270,830031
6/18/14,1.94,852245,439222,1291467
6/19/14,1.55,703681,452927,1156608
6/20/14,1.89,641841,340278,982119
6/23/14,2.02,375457,185477,560934
6/24/14,1.89,498531,263329,761860
6/25/14,2.05,382202,186721,568923
6/26/14,2.07,446847,216351,663198
6/27/14,2.01,524110,260376,784486
6/30/14,2.31,493264,213567,706831
7/1/14,1.33,602641,452576,1055217
7/2/14,1.79,494182,276813,770995
7/3/14,1.88,492167,261956,754123
7/7/14,2.49,471621,189564,661185
7/8/14,1.95,569337,292015,861352
7/9/14,2.49,392675,157515,550190
7/10/14,1.85,524277,282690,806967
7/11/14,2.61,720769,275937,996706
7/14/14,1.45,405099,279610,684709
7/15/14,1.65,438173,265748,703921
7/16/14,2.24,764651,341401,1106052
7/17/14,2.12,783129,369153,1152282
7/18/14,2.43,700430,288549,988979
7/21/14,2.72,437612,160938,598550
7/22/14,1.64,355484,216831,572315
7/23/14,1.42,367996,258303,626299
7/24/14,1.96,586755,299892,886647
7/25/14,2.51,649891,258814,908705
7/28/14,1.86,350412,188557,538969
7/29/14,1.78,341154,191605,532759
7/30/14,1.59,439519,276877,716396
7/31/14,1.95,988017,507209,1495226
8/1/14,2.36,1179694,500491,1680185
8/4/14,2.7,676478,250467,926945
8/5/14,2.36,603013,255745,858758
8/6/14,2.22,547500,246158,793658
8/7/14,2.04,786975,386229,1173204
8/8/14,2.18,726756,334012,1060768
8/11/14,2.06,491209,238046,729255
8/12/14,1.79,600950,335051,936001
8/13/14,1.53,459483,301285,760768
8/14/14,1.84,594468,322255,916723
8/15/14,2.72,908469,334363,1242832
8/18/14,1.64,514947,314080,829027
8/19/14,1.74,538864,308841,847705
8/20/14,1.21,511149,422290,933439
8/21/14,1.49,500747,336674,837421
8/22/14,2.15,602436,280042,882478
8/25/14,1.38,359675,259715,619390
8/26/14,1.24,329947,266323,596270
8/27/14,1.57,308872,196809,505681
8/28/14,1.68,416379,247478,663857
8/29/14,2.39,543310,227773,771083
9/2/14,1.76,367277,208462,575739
9/3/14,1.53,390117,254761,644878
9/4/14,1.47,550182,375513,925695
9/5/14,2.02,627981,310773,938754
9/8/14,1.59,380953,239785,620738
9/9/14,2.28,450614,197242,647856
9/10/14,2.64,474155,179921,654076
9/11/14,2.05,510311,248969,759280
9/12/14,2.07,729577,352447,1082024
9/15/14,2.19,511734,233310,745044
9/16/14,1.4,483994,345070,829064
9/17/14,1.49,555120,371817,926937
9/18/14,1.57,557697,355465,913162
9/19/14,2.07,710750,343478,1054228
9/22/14,1.62,522038,321438,843476
9/23/14,2.11,458258,217573,675831
9/24/14,1.5,477349,318366,795715
9/25/14,1.79,719361,402419,1121780
9/26/14,2.47,730548,296188,1026736
9/29/14,2.78,535942,192989,728931
9/30/14,2.11,552515,262030,814545
10/1/14,1.83,884404,482995,1367399
10/2/14,1.55,785525,506282,1291807
10/3/14,2.02,707309,349946,1057255
10/6/14,2.05,473374,230905,704279
10/7/14,2.09,605349,289557,894906
10/8/14,1.59,756594,475316,1231910
10/9/14,2.09,795080,380568,1175648
10/10/14,2.44,1113738,457040,1570778
10/13/14,2.38,1270411,533081,1803492
10/14/14,2.4,1186923,494080,1681003
10/15/14,2.46,1901959,774105,2676064
10/16/14,2.13,1312033,614887,1926920
10/17/14,2.74,954826,348509,1303335
10/20/14,2.3,638039,277864,915903
10/21/14,1.87,1035058,552970,1588028
10/22/14,2.22,865409,390312,1255721
10/23/14,1.41,626925,444288,1071213
10/24/14,1.68,484745,288814,773559
10/27/14,1.73,446703,257946,704649
10/28/14,1.66,726043,437977,1164020
10/29/14,1.41,720535,510539,1231074
10/30/14,1.85,593449,320980,914429
10/31/14,1.04,896095,865128,1761223
11/3/14,1.63,595669,366193,961862
11/4/14,1.4,388788,277736,666524
11/5/14,1.47,468562,317994,786556
11/6/14,1.24,535570,430195,965765
11/7/14,1.64,576462,352177,928639
11/10/14,1.53,474861,309617,784478
11/11/14,1.66,397231,239760,636991
11/12/14,1.32,427243,324780,752023
11/13/14,1.46,611926,418843,1030769
11/14/14,1.73,546986,316192,863178
11/17/14,1.86,436488,235241,671729
11/18/14,1.45,567894,391010,958904
11/19/14,1.79,564394,314800,879194
11/20/14,2.16,628570,290682,919252
11/21/14,1.58,718271,454439,1172710
11/24/14,1.68,389109,231246,620355
11/25/14,2.07,409023,197803,606826
11/26/14,1.58,409158,258151,667309
11/28/14,2.31,524876,227338,752214
12/1/14,2.48,517044,208067,725111
12/2/14,2.01,395327,197016,592343
12/3/14,1.24,380244,306697,686941
12/4/14,1.77,495291,279695,774986
12/5/14,1.92,752576,391796,1144372
12/8/14,2.11,616730,291707,908437
12/9/14,1.94,562163,289599,851762
12/10/14,1.99,636595,319609,956204
12/11/14,1.79,576418,321709,898127
12/12/14,2.49,1072264,430079,1502343
12/15/14,2.46,913199,371125,1284324
12/16/14,2.04,832336,408655,1240991
12/17/14,2.63,1081379,411255,1492634
12/18/14,1.05,764595,725399,1489994
12/19/14,1.7,946019,557587,1503606
12/22/14,1.53,474255,308987,783242
12/23/14,1.85,510516,276001,786517
12/24/14,1.62,275937,169843,445780
12/26/14,1.09,422639,386234,808873
12/29/14,1.34,355021,265433,620454
12/30/14,1.8,580701,321781,902482
12/31/14,1.48,577288,391298,968586
1/2/15,2.6,789157,303486,1092643
1/5/15,2.19,826362,377029,1203391
1/6/15,1.92,754945,393452,1148397
1/7/15,1.59,593878,373175,967053
1/8/15,1.71,674509,393823,1068332
1/9/15,2.04,685057,335827,1020884
1/12/15,2.39,422785,176786,599571
1/13/15,1.58,556711,352775,909486
1/14/15,2,728716,365148,1093864
1/15/15,1.71,703734,412082,1115816
1/16/15,2.15,789481,366832,1156313
1/20/15,2.03,434068,213535,647603
1/21/15,2.03,605587,298892,904479
1/22/15,1.86,600534,322789,923323
1/23/15,1.93,765700,397370,1163070
1/26/15,1.8,402960,224307,627267
1/27/15,1.85,460497,248562,709059
1/28/15,1.78,516112,290123,806235
1/29/15,1.99,775728,390091,1165819
1/30/15,2.53,848370,335027,1183397
2/2/15,1.63,517383,317856,835239
2/3/15,1.94,631515,324970,956485
2/4/15,2.25,444060,197209,641269
2/5/15,1.73,510099,295066,805165
2/6/15,1.76,952765,540680,1493445
2/9/15,1.9,500183,263765,763948
2/10/15,1.68,452752,268715,721467
2/11/15,1.85,431492,233132,664624
2/12/15,1.56,556697,356497,913194
2/13/15,1.97,718077,365246,1083323
2/17/15,1.74,482654,277384,760038
2/18/15,2.19,773750,352627,1126377
2/19/15,1.46,596989,408788,1005777
2/20/15,1.78,586675,330429,917104
2/23/15,1.55,374905,242287,617192
2/24/15,2.08,615948,296780,912728
2/25/15,1.89,554988,293878,848866
2/26/15,1.97,375020,190112,565132
2/27/15,2.03,650926,320577,971503
3/2/15,1.97,398007,201838,599845
3/3/15,2.54,462254,181981,644235
3/4/15,1.98,466007,235383,701390
3/5/15,2.04,339176,166609,505785
3/6/15,2.15,852724,397491,1250215
3/9/15,2.07,386090,186280,572370
3/10/15,1.67,723353,433070,1156423
3/11/15,2.26,548603,242495,791098
3/12/15,1.9,466340,245455,711795
3/13/15,2.09,694944,331765,1026709
3/16/15,1.79,479579,267664,747243
3/17/15,1.5,329087,218964,548051
3/18/15,2.21,810139,366202,1176341
3/19/15,1.39,662196,474776,1136972
3/20/15,1.57,600028,383346,983374
3/23/15,1.91,411746,215216,626962
3/24/15,1.97,470538,239087,709625
3/25/15,2.07,551465,265986,817451
3/26/15,1.82,682322,375404,1057726
3/27/15,1.89,584344,309385,893729
3/30/15,2.12,536716,253252,789968
3/31/15,1.69,424457,251322,675779
4/1/15,2.23,589907,263953,853860
4/2/15,1.9,467960,246850,714810
4/6/15,2.09,400368,191699,592067
4/7/15,1.58,413645,261044,674689
4/8/15,2.17,385557,178080,563637
4/9/15,1.88,473007,251393,724400
4/10/15,2.04,667892,326646,994538
4/13/15,1.55,424125,274456,698581
4/14/15,1.9,443842,233525,677367
4/15/15,1.53,594675,388759,983434
4/16/15,1.62,463949,286843,750792
4/17/15,2.46,819693,333427,1153120
4/20/15,2.01,332148,165098,497246
4/21/15,1.72,382469,222436,604905
4/22/15,2.01,400890,199217,600107
4/23/15,2.16,536192,248554,784746
4/24/15,1.44,558373,386993,945366
4/27/15,2.01,500823,248863,749686
4/28/15,1.53,317604,207558,525162
4/29/15,1.85,478893,259474,738367
4/30/15,2.14,666001,310820,976821
5/1/15,1.87,694633,372035,1066668
5/4/15,2.38,448116,188339,636455
5/5/15,2.14,488655,228035,716690
5/6/15,1.86,614448,330094,944542
5/7/15,1.66,515907,309952,825859
5/8/15,1.66,661166,398738,1059904
5/11/15,1.97,447549,227239,674788
5/12/15,2.74,598879,218570,817449
5/13/15,1.9,367605,192969,560574
5/14/15,1.33,562169,424206,986375
5/15/15,2.39,578090,241470,819560
5/18/15,1.85,520762,281179,801941
5/19/15,1.54,351924,228105,580029
5/20/15,2.32,489025,210718,699743
5/21/15,1.57,412380,263005,675385
5/22/15,1.97,537103,272984,810087
5/26/15,1.96,599426,305688,905114
5/27/15,1.6,470704,293684,764388
5/28/15,2.17,454184,209548,663732
5/29/15,2.67,699302,262324,961626
6/1/15,1.71,430782,251751,682533
6/2/15,2.45,487200,199211,686411
6/3/15,1.8,370701,205937,576638
6/4/15,2.98,897940,301140,1199080
6/5/15,2.15,770510,358713,1129223
6/8/15,1.92,566791,294443,861234
6/9/15,2.09,533464,255580,789044
6/10/15,2.01,582371,289198,871569
6/11/15,1.95,475568,243259,718827
6/12/15,1.91,699050,365477,1064527
6/15/15,1.8,531801,294662,826463
6/16/15,1.58,456344,288588,744932
6/17/15,2.15,589702,274872,864574
6/18/15,1.31,743906,569298,1313204
6/19/15,2.47,659634,266708,926342
6/22/15,1.88,509817,271867,781684
6/23/15,2.34,407139,174027,581166
6/24/15,1.91,507046,265931,772977
6/25/15,1.74,475257,273236,748493
6/26/15,1.87,684202,366378,1050580
6/29/15,2.63,1161392,442152,1603544
6/30/15,2.03,841998,413760,1255758
7/1/15,2.26,691104,305498,996602
7/2/15,2.33,679304,291305,970609
7/6/15,1.99,591618,297892,889510
7/7/15,1.64,723504,439936,1163440
7/8/15,3.11,787358,253229,1040587
7/9/15,2.29,742949,324976,1067925
7/10/15,1.9,807304,424485,1231789
7/13/15,2.12,785084,370682,1155766
7/14/15,1.52,514044,338021,852065
7/15/15,1.58,546163,344618,890781
7/16/15,1.25,763738,612200,1375938
7/17/15,1.99,632086,316988,949074
7/20/15,1.69,526200,310797,836997
7/21/15,1.83,484429,264525,748954
7/22/15,2.04,580781,284726,865507
7/23/15,1.68,565254,337052,902306
7/24/15,2.57,1015436,394892,1410328
7/27/15,2.43,771627,317165,1088792
7/28/15,1.9,577548,304107,881655
7/29/15,1.75,460356,263240,723596
7/30/15,1.42,432168,305144,737312
7/31/15,2.26,663875,294281,958156
8/3/15,1.86,535950,288574,824524
8/4/15,2.12,376869,178053,554922
8/5/15,2.1,448775,214053,662828
8/6/15,1.82,724607,397880,1122487
8/7/15,2.06,866181,419724,1285905
8/10/15,1.85,496603,268869,765472
8/11/15,2.1,689019,328536,1017555
8/12/15,1.91,860969,451786,1312755
8/13/15,2.17,564548,260085,824633
8/14/15,2.26,570668,252936,823604
8/17/15,1.51,482255,318562,800817
8/18/15,1.57,501338,319422,820760
8/19/15,1.89,971127,514928,1486055
8/20/15,2.34,1359275,581975,1941250
8/21/15,3.42,2312576,676857,2989433
8/24/15,3.77,1978736,524873,2503609
8/25/15,2.39,1439911,602432,2042343
8/26/15,2.52,1447340,574290,2021630
8/27/15,2.2,1224279,557050,1781329
8/28/15,2.13,868791,408681,1277472
8/31/15,2.39,821145,343518,1164663
9/1/15,2.53,1037798,409810,1447608
9/2/15,2.48,725235,292644,1017879
9/3/15,1.73,690016,398871,1088887
9/4/15,2.87,988928,345173,1334101
9/8/15,1.83,657876,359283,1017159
9/9/15,1.95,613649,315279,928928
9/10/15,1.76,705566,401398,1106964
9/11/15,1.95,834139,428075,1262214
9/14/15,1.61,458985,285581,744566
9/15/15,1.45,644680,443678,1088358
9/16/15,1.98,929029,469562,1398591
9/17/15,1.48,742649,502115,1244764
9/18/15,1.83,835855,456010,1291865
9/21/15,1.99,638901,320579,959480
9/22/15,1.65,687226,416893,1104119
9/23/15,1.51,599624,396198,995822
9/24/15,1.57,631425,402826,1034251
9/25/15,2.08,783200,377298,1160498
9/28/15,2.04,896283,439711,1335994
9/29/15,1.87,679901,362800,1042701
9/30/15,1.52,600729,393959,994688
10/1/15,1.58,562686,356365,919051
10/2/15,1.97,797636,403973,1201609
10/5/15,1.52,738076,484312,1222388
10/6/15,1.77,624544,353493,978037
10/7/15,1.65,714718,431899,1146617
10/8/15,1.36,671585,492709,1164294
10/9/15,1.21,725735,599142,1324877
10/12/15,1.96,418624,214090,632714
10/13/15,1.53,582410,380149,962559
10/14/15,1.74,703043,404598,1107641
10/15/15,1.73,726176,419233,1145409
10/16/15,2.11,600970,284694,885664
10/19/15,1.55,516859,333994,850853
10/20/15,1.72,530750,309093,839843
10/21/15,1.98,654047,331005,985052
10/22/15,1.25,703100,563859,1266959
10/23/15,1.1,940953,858823,1799776
10/26/15,1.43,362508,252878,615386
10/27/15,1.88,516973,274749,791722
10/28/15,1.24,590787,475526,1066313
10/29/15,1.19,802555,672738,1475293
10/30/15,1.95,788904,404369,1193273
11/2/15,1.54,485346,315874,801220
11/3/15,1.21,698795,577052,1275847
11/4/15,1.53,515845,337604,853449
11/5/15,2.17,624796,287551,912347
11/6/15,1.85,880196,476336,1356532
11/9/15,2.53,830990,328662,1159652
11/10/15,1.41,350817,248633,599450
11/11/15,2.15,384772,178899,563671
11/12/15,2.2,821698,373976,1195674
11/13/15,2.15,1222187,567649,1789836
11/16/15,1.8,745756,415416,1161172
11/17/15,1.88,596520,317771,914291
11/18/15,2.21,923117,418173,1341290
11/19/15,1.48,577087,389774,966861
11/20/15,2.11,682116,323574,1005690
11/23/15,2.68,550844,205706,756550
11/24/15,2.44,596111,243825,839936
11/25/15,2.28,524840,230078,754918
11/27/15,2.13,438313,205494,643807
11/30/15,2.62,689134,262634,951768
12/1/15,2.18,561897,257973,819870
12/2/15,1.78,696404,391935,1088339
12/3/15,2.06,929023,450050,1379073
12/4/15,1.66,815896,492348,1308244
12/7/15,2.03,477851,234893,712744
12/8/15,1.38,388801,282197,670998
12/9/15,1.7,672858,396764,1069622
12/10/15,1.98,668619,337794,1006413
12/11/15,2.11,1154944,547025,1701969
12/14/15,2.59,972931,375229,1348160
12/15/15,1.77,696706,393204,1089910
12/16/15,1.63,801324,492214,1293538
12/17/15,1.64,790497,480548,1271045
12/18/15,2.14,787530,368403,1155933
12/21/15,1.88,523963,278346,802309
12/22/15,2.03,584328,287400,871728
12/23/15,1.64,629289,382719,1012008
12/24/15,1.92,303930,158106,462036
12/28/15,1.85,307101,165773,472874
12/29/15,1.74,466358,268121,734479
12/30/15,2.39,454520,190177,644697
12/31/15,1.97,625693,318189,943882
1/4/16,1.78,835105,469456,1304561
1/5/16,2.04,584610,286672,871282
1/6/16,1.87,724616,387728,1112344
1/7/16,2.24,1180915,527000,1707915
1/8/16,2.22,1075158,485110,1560268
1/11/16,2.61,1089364,417192,1506556
1/12/16,1.7,693482,407329,1100811
1/13/16,2.11,886075,420682,1306757
1/14/16,1.8,1118806,622818,1741624
1/15/16,2.28,1107532,484893,1592425
1/19/16,1.94,661648,341177,1002825
1/20/16,2.39,1669037,696907,2365944
1/21/16,1.61,920626,571093,1491719
1/22/16,1.65,767356,466231,1233587
1/25/16,1.6,501222,312800,814022
1/26/16,1.22,447852,367919,815771
1/27/16,1.53,528866,345991,874857
1/28/16,1.84,515637,280918,796555
1/29/16,1.47,881355,599208,1480563
2/1/16,1.72,571148,331810,902958
2/2/16,1.73,563898,325791,889689
2/3/16,1.7,704897,414043,1118940
2/4/16,2.21,593813,268927,862740
2/5/16,1.79,797204,444857,1242061
2/8/16,1.89,898356,474557,1372913
2/9/16,1.99,680921,341790,1022711
2/10/16,1.84,614631,334503,949134
2/11/16,1.93,903969,467733,1371702
2/12/16,1.91,898249,470100,1368349
2/16/16,1.91,731364,382572,1113936
2/17/16,1.9,1077143,566865,1644008
2/18/16,1.72,785986,456657,1242643
2/19/16,2.12,758179,357427,1115606
2/22/16,1.76,732131,416528,1148659
2/23/16,2.52,643698,255670,899368
2/24/16,1.87,655794,350802,1006596
2/25/16,1.79,585706,327326,913032
2/26/16,1.55,735972,474193,1210165
2/29/16,1.84,652667,354876,1007543
3/1/16,1.25,709951,567921,1277872
3/2/16,1.79,698228,390087,1088315
3/3/16,1.25,688729,549088,1237817
3/4/16,1.19,810738,678829,1489567
3/7/16,1.77,477861,269380,747241
3/8/16,1.79,566910,317573,884483
3/9/16,1.5,566937,378964,945901
3/10/16,1.75,687714,393681,1081395
3/11/16,1.2,784866,653788,1438654
3/14/16,1.5,471223,314004,785227
3/15/16,1.33,512882,385706,898588
3/16/16,1.54,801723,520404,1322127
3/17/16,1.06,837080,789924,1627004
3/18/16,1.33,712080,533931,1246011
3/21/16,1.54,497790,323121,820911
3/22/16,1.56,510229,326317,836546
3/23/16,1.42,564915,398280,963195
3/24/16,1.85,712949,384487,1097436
3/28/16,1.66,385512,232832,618344
3/29/16,1.46,486866,332503,819369
3/30/16,1.11,809817,729378,1539195
3/31/16,1.89,639176,338146,977322
4/1/16,1.47,643106,438850,1081956
4/4/16,1.42,450412,318252,768664
4/5/16,1.71,462337,270930,733267
4/6/16,1.78,488186,273590,761776
4/7/16,1.56,568776,365374,934150
4/8/16,1.9,583173,306277,889450
4/11/16,1.65,442406,268837,711243
4/12/16,1.43,439135,306927,746062
4/13/16,1.05,591555,563531,1155086
4/14/16,1.15,652522,566377,1218899
4/15/16,1.78,614376,345668,960044
4/18/16,1.93,464814,240951,705765
4/19/16,1.21,609118,502711,1111829
4/20/16,1.61,951057,590368,1541425
4/21/16,1.6,610078,381638,991716
4/22/16,2.06,671934,326076,998010
4/25/16,1.49,372711,250564,623275
4/26/16,1.42,363178,255393,618571
4/27/16,1.52,485359,318662,804021
4/28/16,1.52,552885,363649,916534
4/29/16,1.65,884981,537897,1422878
5/2/16,1.5,342324,227673,569997
5/3/16,1.99,570835,286825,857660
5/4/16,1.28,599377,467447,1066824
5/5/16,2.01,564601,280431,845032
5/6/16,1.72,819710,475669,1295379
5/9/16,2.36,432894,183664,616558
5/10/16,1.55,593815,383914,977729
5/11/16,1.84,657576,356890,1014466
5/12/16,1.97,556179,282524,838703
5/13/16,2.08,719482,346463,1065945
5/16/16,1.43,457099,319626,776725
5/17/16,1.58,651355,412091,1063446
5/18/16,1.61,770399,478260,1248659
5/19/16,1.86,917745,493876,1411621
5/20/16,1.5,662266,440569,1102835
5/23/16,1.99,582556,293163,875719
5/24/16,1.6,782438,490285,1272723
5/25/16,1.21,699398,578386,1277784
5/26/16,1.53,601891,393811,995702
5/27/16,1.51,675694,446828,1122522
5/31/16,1.7,771157,453232,1224389
6/1/16,1.71,705686,413351,1119037
6/2/16,1.48,532326,360359,892685
6/3/16,1.29,755008,584524,1339532
6/6/16,1.52,742674,489723,1232397
6/7/16,1.24,741548,598463,1340011
6/8/16,1.39,560169,402244,962413
6/9/16,1.56,543939,348061,892000
6/10/16,1.78,812123,455308,1267431
6/13/16,2.01,782198,389241,1171439
6/14/16,2.06,951893,462942,1414835
6/15/16,2.32,962192,414174,1376366
6/16/16,1.88,998495,529840,1528335
6/17/16,1.92,891012,463144,1354156
6/20/16,1.79,666496,373035,1039531
6/21/16,2.09,780302,373217,1153519
6/22/16,1.54,841106,546273,1387379
6/23/16,1.81,815955,450992,1266947
6/24/16,2.02,1453818,720750,2174568
6/27/16,1.56,1317964,843796,2161760
6/28/16,1.54,1030103,668173,1698276
6/29/16,1.6,1197790,747298,1945088
6/30/16,1.54,1253489,811693,2065182
7/1/16,1.79,970321,541260,1511581
7/5/16,2.2,745175,338910,1084085
7/6/16,1.64,727611,442861,1170472
7/7/16,1.44,692448,482490,1174938
7/8/16,1.03,975363,943202,1918565
7/11/16,0.98,815180,835478,1650658
7/12/16,1.08,869858,808355,1678213
7/13/16,1.23,650390,527134,1177524
7/14/16,0.92,782196,846927,1629123
7/15/16,1.57,740652,472181,1212833
7/18/16,1.47,623780,423310,1047090
7/19/16,1.58,492177,311167,803344
7/20/16,1.18,863611,730049,1593660
7/21/16,1.66,568146,342463,910609
7/22/16,1.67,645516,386869,1032385
7/25/16,1.37,509429,372164,881593
7/26/16,1.42,405430,284899,690329
7/27/16,1.38,529026,383963,912989
7/28/16,1.42,712362,500676,1213038
7/29/16,1.64,843575,513601,1357176
8/1/16,1.84,571530,311366,882896
8/2/16,1.59,592310,372001,964311
8/3/16,2.05,479452,233905,713357
8/4/16,1.69,475477,280945,756422
8/5/16,1.47,904559,615767,1520326
8/8/16,1.43,591667,413190,1004857
8/9/16,1.59,510331,321186,831517
8/10/16,1.5,568505,379127,947632
8/11/16,1.57,529780,337239,867019
8/12/16,1.38,581738,420507,1002245
8/15/16,1.34,589156,440703,1029859
8/16/16,1.56,644833,413138,1057971
8/17/16,1.57,712116,454815,1166931
8/18/16,1.5,565163,376927,942090
8/19/16,1.83,711116,388457,1099573
8/22/16,1.51,508590,335949,844539
8/23/16,1.45,597497,411191,1008688
8/24/16,1.53,744318,487994,1232312
8/25/16,1.88,646075,344321,990396
8/26/16,1.53,865412,565116,1430528
8/29/16,1.45,592849,407752,1000601
8/30/16,1.63,619229,379478,998707
8/31/16,2.21,745257,337666,1082923
9/1/16,2.08,689843,331340,1021183
9/2/16,2.16,843061,390174,1233235
9/6/16,1.45,700638,484858,1185496
9/7/16,2.07,724475,350128,1074603
9/8/16,1.88,682940,364143,1047083
9/9/16,2.04,1436824,705554,2142378
9/12/16,1.44,1191102,827291,2018393
9/13/16,1.65,831481,505205,1336686
9/14/16,1.51,840196,555329,1395525
9/15/16,1.56,771292,494751,1266043
9/16/16,1.63,901128,552775,1453903
9/19/16,1.65,604994,365907,970901
9/20/16,1.53,518987,340174,859161
9/21/16,1.94,1026175,529095,1555270
9/22/16,1.73,1041212,601856,1643068
9/23/16,2.11,879662,416607,1296269
9/26/16,1.78,712461,400177,1112638
9/27/16,1.66,601373,361246,962619
9/28/16,1.45,619819,426629,1046448
9/29/16,1.8,881446,489364,1370810
9/30/16,1.69,776345,458399,1234744
10/3/16,1.97,606728,308035,914763
10/4/16,1.62,641198,397002,1038200
10/5/16,1.74,467048,267993,735041
10/6/16,1.9,515209,271754,786963
10/7/16,1.85,778738,421600,1200338
10/10/16,1.67,609545,365785,975330
10/11/16,1.64,887503,539881,1427384
10/12/16,1.95,731054,375314,1106368
10/13/16,1.55,765153,494623,1259776
10/14/16,1.69,757288,447734,1205022
10/17/16,1.65,567441,344373,911814
10/18/16,1.48,684639,463394,1148033
10/19/16,1.57,740025,470432,1210457
10/20/16,1.46,661046,452834,1113880
10/21/16,1.96,873516,445291,1318807
10/24/16,2.22,586137,263491,849628
10/25/16,2.03,528680,260628,789308
10/26/16,1.43,561572,391786,953358
10/27/16,1.48,626043,423775,1049818
10/28/16,1.83,887234,484537,1371771
10/31/16,1.81,613390,338203,951593
11/1/16,1.95,902846,462656,1365502
11/2/16,1.63,855849,524366,1380215
11/3/16,1.87,992063,529812,1521875
11/4/16,1.99,1205847,605009,1810856
11/7/16,1.78,1022098,573939,1596037
11/8/16,2.14,1097807,513038,1610845
11/9/16,1.55,1416756,916089,2332845
11/10/16,1.33,1070805,807937,1878742
11/11/16,1.86,941099,505643,1446742
11/14/16,1.24,832827,674252,1507079
11/15/16,1.35,712244,528787,1241031
11/16/16,1.18,813866,687627,1501493
11/17/16,1.14,722037,634440,1356477
11/18/16,1.43,778315,544344,1322659
11/21/16,1.26,701045,556439,1257484
11/22/16,1.49,759805,508661,1268466
11/23/16,1.42,624906,440059,1064965
11/25/16,1.1,564992,512045,1077037
11/28/16,1.63,568415,348872,917287
11/29/16,1.66,544942,328761,873703
11/30/16,1.26,706061,558685,1264746
12/1/16,1.46,560148,384851,944999
12/2/16,1.26,615379,487803,1103182
12/5/16,1.21,544941,450221,995162
12/6/16,1.16,522861,451240,974101
12/7/16,0.91,828439,906404,1734843
12/8/16,0.89,872282,985257,1857539
12/9/16,1.08,837914,772896,1610810
12/12/16,1.22,691943,568428,1260371
12/13/16,0.81,712087,876054,1588141
12/14/16,1.29,824075,637351,1461426
12/15/16,1.17,706439,605088,1311527
12/16/16,1.4,837288,596013,1433301
12/19/16,1.47,521521,355558,877079
12/20/16,1.29,496777,384664,881441
12/21/16,1.76,596307,338630,934937
12/22/16,1.29,583304,452770,1036074
12/23/16,1.54,343899,223107,567006
12/27/16,1.23,315426,255860,571286
12/28/16,1.49,545804,365477,911281
12/29/16,1.62,485024,298819,783843
12/30/16,1.34,668273,498199,1166472
1/3/17,1.58,790217,499819,1290036
1/4/17,1.18,571185,483221,1054406
1/5/17,1.66,561945,338802,900747
1/6/17,1.52,769739,506356,1276095
1/9/17,1.84,557314,303553,860867
1/10/17,1.8,544988,303557,848545
1/11/17,1.59,641771,403926,1045697
1/12/17,1.52,657592,433264,1090856
1/13/17,1.54,689870,446726,1136596
1/17/17,1.64,724254,442641,1166895
1/18/17,1.76,906371,515944,1422315
1/19/17,1.6,669047,418489,1087536
1/20/17,2.12,769989,363664,1133653
1/23/17,1.57,705962,448234,1154196
1/24/17,1.09,455784,416936,872720
1/25/17,0.97,783499,803629,1587128
1/26/17,1.76,527907,299973,827880
1/27/17,1.59,655498,412361,1067859
1/30/17,1.88,793200,422380,1215580
1/31/17,1.78,622363,349502,971865
2/1/17,1.62,578767,357314,936081
2/2/17,2.21,597905,270782,868687
2/3/17,1.91,864317,451649,1315966
2/6/17,1.61,726648,450758,1177406
2/7/17,1.66,492228,296967,789195
2/8/17,1.21,514984,427214,942198
2/9/17,1.34,708354,530485,1238839
2/10/17,1.21,784777,648102,1432879
2/13/17,1.17,838882,717068,1555950
2/14/17,1.16,760308,653789,1414097
2/15/17,1.39,1096044,787866,1883910
2/16/17,1.65,839062,508405,1347467
2/17/17,1.76,746968,424123,1171091
2/21/17,1.15,860151,750030,1610181
2/22/17,1.47,721114,490045,1211159
2/23/17,1.26,591525,468299,1059824
2/24/17,1.7,838551,493194,1331745
2/27/17,1.6,691643,431915,1123558
2/28/17,1.54,689475,447109,1136584
3/1/17,1.15,1135565,984174,2119739
3/2/17,1.64,816700,498922,1315622
3/3/17,1.56,803151,515639,1318790
3/6/17,1.43,656246,457349,1113595
3/7/17,1.69,517385,305657,823042
3/8/17,1.62,670613,413545,1084158
3/9/17,2.07,640775,309655,950430
3/10/17,1.94,730841,376526,1107367
3/13/17,1.49,672934,450550,1123484
3/14/17,1.72,576660,334982,911642
3/15/17,1.42,726611,511469,1238080
3/16/17,1.51,739264,489645,1228909
3/17/17,2.54,850790,335121,1185911
3/20/17,2.04,674218,329934,1004152
3/21/17,1.9,828695,435904,1264599
3/22/17,1.99,1035252,521419,1556671
3/23/17,1.65,683465,414400,1097865
3/24/17,2.59,863169,333500,1196669
3/27/17,1.71,795307,464509,1259816
3/28/17,1.33,646323,484722,1131045
3/29/17,1.81,550367,303919,854286
3/30/17,1.78,653135,366658,1019793
3/31/17,2,844246,422387,1266633
4/3/17,2.07,641470,309924,951394
4/4/17,1.65,410296,248046,658342
4/5/17,1.65,798368,482408,1280776
4/6/17,1.91,502592,262889,765481
4/7/17,2.35,732558,311708,1044266
4/10/17,1.93,547644,284243,831887
4/11/17,1.57,658092,420166,1078258
4/12/17,1.83,653665,357681,1011346
4/13/17,1.8,925168,513630,1438798
4/17/17,1.3,620227,475646,1095873
4/18/17,1.27,530018,417759,947777
4/19/17,1.7,831352,489094,1320446
4/20/17,1.52,823181,540835,1364016
4/21/17,2.52,840910,333883,1174793
4/24/17,1.93,956085,496509,1452594
4/25/17,1.22,921956,756596,1678552
4/26/17,1.38,591856,427583,1019439
4/27/17,2.04,591198,289112,880310
4/28/17,1.74,697517,400445,1097962
5/1/17,1.51,543681,359614,903295
5/2/17,1.64,519349,317030,836379
5/3/17,2.1,673798,320112,993910
5/4/17,1.73,406642,234759,641401
5/5/17,2.02,738679,366511,1105190
5/8/17,1.82,687196,376690,1063886
5/9/17,1.66,662680,399791,1062471
5/10/17,1.95,565521,289826,855347
5/11/17,1.55,621668,401830,1023498
5/12/17,2.05,669447,326489,995936
5/15/17,1.44,643874,446429,1090303
5/16/17,1.79,571562,319079,890641
5/17/17,2.29,1318933,575406,1894339
5/18/17,1.75,1007917,574479,1582396
5/19/17,1.93,765631,396639,1162270
5/22/17,2,530843,265246,796089
5/23/17,1.62,554356,343245,897601
5/24/17,1.63,565214,346040,911254
5/25/17,1.45,747805,517059,1264864
5/26/17,2.05,560634,273431,834065
5/30/17,2.23,594322,266633,860955
5/31/17,1.68,620812,369972,990784
6/1/17,1.48,767674,518456,1286130
6/2/17,1.47,935461,635574,1571035
6/5/17,1.42,525483,369889,895372
6/6/17,1.62,472688,291304,763992
6/7/17,2.45,656880,268508,925388
6/8/17,1.49,482034,322668,804702
6/9/17,1.61,927770,577394,1505164
6/12/17,2.14,601824,281670,883494
6/13/17,1.43,589379,412159,1001538
6/14/17,1.67,769244,461037,1230281
6/15/17,1.82,792780,434919,1227699
6/16/17,2.17,730051,335872,1065923
6/19/17,1.51,592875,392477,985352
6/20/17,1.67,591122,354513,945635
6/21/17,2.87,697844,242966,940810
6/22/17,1.81,521606,288616,810222
6/23/17,2.32,618025,266325,884350
6/26/17,1.78,577721,324424,902145
6/27/17,1.57,631259,403253,1034512
6/28/17,2.07,597068,288488,885556
6/29/17,2.27,865927,381261,1247188
6/30/17,2.23,697457,313262,1010719
7/3/17,2.16,359903,166842,526745
7/5/17,2.1,589183,279904,869087
7/6/17,1.8,709949,395409,1105358
7/7/17,1.84,748335,406447,1154782
7/10/17,1.7,656606,385623,1042229
7/11/17,2.15,503242,234093,737335
7/12/17,1.54,580139,376336,956475
7/13/17,1.56,482965,308842,791807
7/14/17,1.46,785659,538406,1324065
7/17/17,1.57,602292,384656,986948
7/18/17,1.38,532444,386115,918559
7/19/17,1.4,746157,534340,1280497
7/20/17,1.3,739714,567402,1307116
7/21/17,1.82,699592,384791,1084383
7/24/17,1.81,471174,261011,732185
7/25/17,1.33,565869,426301,992170
7/26/17,1.67,691506,415303,1106809
7/27/17,2.14,697566,326165,1023731
7/28/17,2.36,691058,293024,984082
7/31/17,1.99,647074,325468,972542
8/1/17,1.58,559228,354031,913259
8/2/17,2.21,649634,294002,943636
8/3/17,2.39,531829,222316,754145
8/4/17,1.94,828456,427554,1256010
8/7/17,1.89,538590,284350,822940
8/8/17,2.06,690644,335964,1026608
8/9/17,2.44,862767,353820,1216587
8/10/17,2.08,1073599,516930,1590529
8/11/17,2.69,1049749,390239,1439988
8/14/17,1.99,823266,414452,1237718
8/15/17,2.16,722311,334475,1056786
8/16/17,2.24,1192888,532598,1725486
8/17/17,2.06,1054483,510933,1565416
8/18/17,2.1,1162029,552924,1714953
8/21/17,2.12,725690,342719,1068409
8/22/17,1.88,857787,456093,1313880
8/23/17,1.84,655922,356924,1012846
8/24/17,1.95,513840,263376,777216
8/25/17,2.16,709137,327701,1036838
8/28/17,1.81,622412,343134,965546
8/29/17,1.62,567180,350939,918119
8/30/17,1.62,653784,402514,1056298
8/31/17,1.65,856740,517723,1374463
9/1/17,1.9,724759,380948,1105707
9/5/17,2.31,1011373,437992,1449365
9/6/17,1.78,683855,383210,1067065
9/7/17,2.3,590174,256829,847003
9/8/17,2.41,821474,340329,1161803
9/11/17,1.43,933755,653848,1587603
9/12/17,1.33,863620,647210,1510830
9/13/17,1.99,693229,348735,1041964
9/14/17,1.66,835002,503364,1338366
9/15/17,2.46,964035,392542,1356577
9/18/17,1.49,807712,542949,1350661
9/19/17,1.32,550516,416407,966923
9/20/17,1.92,916566,477093,1393659
9/21/17,1.65,582011,352402,934413
9/22/17,2.44,641504,263407,904911
9/25/17,1.82,751545,413473,1165018
9/26/17,2.09,549677,263026,812703
9/27/17,1.7,852118,500383,1352501
9/28/17,1.3,551676,423225,974901
9/29/17,1.82,894140,490423,1384563
10/2/17,1.4,946701,675340,1622041
10/3/17,1.2,602854,501649,1104503
10/4/17,1.52,964091,632480,1596571
10/5/17,1.22,950578,781356,1731934
10/6/17,1.44,777813,541087,1318900
10/9/17,2.35,656268,278778,935046
10/10/17,1.34,578450,430534,1008984
10/11/17,2.43,636854,262117,898971
10/12/17,1.79,738302,411318,1149620
10/13/17,2.08,695023,334065,1029088
10/16/17,2.02,819675,406586,1226261
10/17/17,1.42,582569,411313,993882
10/18/17,1.54,765250,496859,1262109
10/19/17,1.62,724608,447685,1172293
10/20/17,1.55,1060647,684225,1744872
10/23/17,1.75,859774,492630,1352404
10/24/17,1.91,593744,311059,904803
10/25/17,2.48,1153156,464898,1618054
10/26/17,2.17,562696,258813,821509
10/27/17,1.41,897620,638577,1536197
10/30/17,1.76,748411,424083,1172494
10/31/17,2.11,590975,279462,870437
11/1/17,1.56,817521,523026,1340547
11/2/17,1.84,630121,341693,971814
11/3/17,1.82,958149,525312,1483461
11/6/17,1.62,750336,462072,1212408
11/7/17,1.67,858530,514702,1373232
11/8/17,2.19,660170,301795,961965
11/9/17,1.85,1077622,582788,1660410
11/10/17,2.72,1043011,384029,1427040
11/13/17,1.75,716253,408968,1125221
11/14/17,1.86,833229,448081,1281310
11/15/17,1.87,1053335,562874,1616209
11/16/17,1.74,868773,500096,1368869
11/17/17,1.96,971703,497022,1468725
11/20/17,1.67,786218,469827,1256045
11/21/17,1.21,974216,806929,1781145
11/22/17,2.34,848791,362526,1211317
11/24/17,2.1,503984,240369,744353
11/27/17,1.63,853782,524440,1378222
11/28/17,1.13,896144,791688,1687832
11/29/17,1.38,942999,685695,1628694
11/30/17,1.21,1236713,1020031,2256744
12/1/17,1.76,1302462,740523,2042985
12/4/17,1.42,898105,632838,1530943
12/5/17,1.95,726759,372660,1099419
12/6/17,1.55,723508,467575,1191083
12/7/17,1.84,698221,378711,1076932
12/8/17,1.53,874263,572800,1447063
12/11/17,1.47,695423,472622,1168045
12/12/17,1.32,866768,655644,1522412
12/13/17,1.42,772813,546037,1318850
12/14/17,1.46,949392,650619,1600011
12/15/17,1.57,994590,632796,1627386
12/18/17,1.35,826839,611705,1438544
12/19/17,1.74,759582,436778,1196360
12/20/17,1.88,766678,408881,1175559
12/21/17,1.51,596555,394214,990769
12/22/17,2.08,662999,318471,981470
12/26/17,1.63,488855,299722,788577
12/27/17,1.92,582769,304255,887024
12/28/17,2.22,604918,272071,876989
12/29/17,2.37,903661,381347,1285008
1/2/18,2.12,799064,376884,1175948
1/3/18,1.24,840038,675053,1515091
1/4/18,1.09,792958,729025,1521983
1/5/18,1.76,1045724,593766,1639490
1/8/18,1.5,794383,529919,1324302
1/9/18,1.42,759514,534417,1293931
1/10/18,2.07,789930,382186,1172116
1/11/18,1.09,825862,759683,1585545
1/12/18,1.34,1104737,823837,1928574
1/16/18,1.31,1160649,886625,2047274
1/17/18,1.4,1338760,956158,2294918
1/18/18,1.32,947911,718644,1666555
1/19/18,1.89,820149,432919,1253068
1/22/18,1.52,882008,580181,1462189
1/23/18,0.92,816606,884634,1701240
1/24/18,1.36,935659,690379,1626038
1/25/18,1.72,675912,392903,1068815
1/26/18,1.44,1058747,735453,1794200
1/29/18,1.33,897493,675266,1572759
1/30/18,1.44,878687,609918,1488605
1/31/18,1.53,811480,530360,1341840
2/1/18,1.81,754347,416477,1170824
2/2/18,2.26,1483142,656424,2139566
2/5/18,2.75,1969851,715659,2685510
2/6/18,2.7,2011137,743578,2754715
2/7/18,1.96,1230465,628735,1859200
2/8/18,2.36,1344164,568891,1913055
2/9/18,2.49,2288531,919911,3208442
2/12/18,1.83,1179247,645594,1824841
2/13/18,1.91,1031071,540073,1571144
2/14/18,1.63,1201544,738441,1939985
2/15/18,1.3,985434,758652,1744086
2/16/18,1.41,1144853,812957,1957810
2/20/18,2.13,762640,358299,1120939
2/21/18,1.84,839477,456663,1296140
2/22/18,1.8,716435,398735,1115170
2/23/18,1.55,992868,640271,1633139
2/26/18,1.37,976437,711861,1688298
2/27/18,1.54,972734,630690,1603424
2/28/18,1.86,877830,472718,1350548
3/1/18,2.14,1261248,589068,1850316
3/2/18,2.08,1128133,542600,1670733
3/5/18,1.69,970195,574357,1544552
3/6/18,1.53,575035,375984,951019
3/7/18,2.08,767863,369752,1137615
3/8/18,1.22,485154,399281,884435
3/9/18,1.12,1161684,1036415,2198099
3/12/18,1.31,854255,653248,1507503
3/13/18,1.35,771894,570578,1342472
3/14/18,1.48,856201,580017,1436218
3/15/18,1.34,766891,571923,1338814
3/16/18,1.61,901433,558501,1459934
3/19/18,1.87,1123001,599689,1722690
3/20/18,1.25,653360,522093,1175453
3/21/18,2.53,896072,354300,1250372
3/22/18,1.86,1202293,645380,1847673
3/23/18,2.48,1539241,620767,2160008
3/26/18,1.98,1163020,586634,1749654
3/27/18,1.6,943784,590962,1534746
3/28/18,1.83,1195756,654428,1850184
3/29/18,1.38,1086833,788682,1875515
4/2/18,1.75,1116063,639014,1755077
4/3/18,1.44,812646,563304,1375950
4/4/18,1.75,788596,450427,1239023
4/5/18,1.58,737680,466504,1204184
4/6/18,1.5,1062749,706817,1769566
4/9/18,1.5,804803,535384,1340187
4/10/18,1.52,649448,427279,1076727
4/11/18,1.85,935232,505331,1440563
4/12/18,1.54,780870,506619,1287489
4/13/18,1.49,892193,600303,1492496
4/16/18,1.55,878464,565562,1444026
4/17/18,1.42,1073194,753846,1827040
4/18/18,2.06,1037892,503376,1541268
4/19/18,1.43,799485,560828,1360313
4/20/18,1.66,722796,436509,1159305
4/23/18,1.89,511360,270126,781486
4/24/18,1.78,955440,535690,1491130
4/25/18,1.68,875231,521398,1396629
4/26/18,1.56,619585,397478,1017063
4/27/18,1.91,620534,324113,944647
4/30/18,1.67,691854,415395,1107249
5/1/18,1.7,699109,410445,1109554
5/2/18,1.43,650767,453831,1104598
5/3/18,1.4,967414,693412,1660826
5/4/18,1.63,837895,514052,1351947
5/7/18,1.58,603369,381758,985127
5/8/18,1.51,526314,349675,875989
5/9/18,1.26,809256,640226,1449482
5/10/18,1.15,798856,696364,1495220
5/11/18,1.47,1009552,688592,1698144
5/14/18,1.38,761317,551736,1313053
5/15/18,1.73,770581,444602,1215183
5/16/18,2.05,708504,345178,1053682
5/17/18,1.35,680775,504848,1185623
5/18/18,1.98,620697,313403,934100
5/21/18,1.4,604472,430695,1035167
5/22/18,1.33,593626,446708,1040334
5/23/18,1.45,712760,491969,1204729
5/24/18,1.63,660801,406070,1066871
5/25/18,2.08,643957,309718,953675
5/29/18,1.81,948417,523081,1471498
5/30/18,1.65,700407,423961,1124368
5/31/18,1.67,767494,458691,1226185
6/1/18,1.88,686338,365447,1051785
6/4/18,1.48,585998,394710,980708
6/5/18,1.66,535001,322133,857134
6/6/18,1.44,805272,557578,1362850
6/7/18,1.45,851845,585501,1437346
6/8/18,1.67,638272,382148,1020420
6/11/18,1.17,738143,633025,1371168
6/12/18,1.28,723986,566824,1290810
6/13/18,1.19,611733,516217,1127950
6/14/18,1.33,689652,517171,1206823
6/15/18,1.96,934419,477667,1412086
6/18/18,1.6,817830,511002,1328832
6/19/18,1.81,625357,345095,970452
6/20/18,2.08,880493,423247,1303740
6/21/18,1.68,673259,399571,1072830
6/22/18,2.08,701741,337572,1039313
6/25/18,2.12,1108333,521850,1630183
6/26/18,1.8,677027,375196,1052223
6/27/18,1.64,811144,496108,1307252
6/28/18,1.5,773330,515222,1288552
6/29/18,2.21,823009,371571,1194580
7/2/18,1.44,585908,406036,991944
7/3/18,1.96,472693,241735,714428
7/5/18,1.69,591108,350150,941258
7/6/18,1.76,751835,427387,1179222
7/9/18,1.56,898448,574253,1472701
7/10/18,1.56,766875,490965,1257840
7/11/18,1.71,566391,330573,896964
7/12/18,1.25,710539,570372,1280911
7/13/18,1.37,773783,564789,1338572
7/16/18,1.94,745331,383830,1129161
7/17/18,1.38,721855,521409,1243264
7/18/18,1.47,783009,532857,1315866
7/19/18,1.57,809378,514749,1324127
7/20/18,2.18,752391,345161,1097552
7/23/18,1.96,595709,304301,900010
7/24/18,1.44,712585,495036,1207621
7/25/18,1.22,740332,606454,1346786
7/26/18,0.93,602570,648209,1250779
7/27/18,1.93,864002,447861,1311863
7/30/18,1.88,769213,410067,1179280
7/31/18,1.63,660411,406208,1066619
8/1/18,2.02,595156,294939,890095
8/2/18,2.15,652397,302783,955180
8/3/18,1.87,806920,431802,1238722
8/6/18,1.35,674792,498547,1173339
8/7/18,1.31,723377,553966,1277343
8/8/18,1.33,675478,507557,1183035
8/9/18,1.32,539537,408203,947740
8/10/18,2.17,1147389,529133,1676522
8/13/18,2.64,855407,324419,1179826
8/14/18,2.48,561619,226665,788284
8/15/18,1.79,1167242,651957,1819199
8/16/18,1.8,852294,472884,1325178
8/17/18,1.81,917607,507785,1425392
8/20/18,1.81,710757,392048,1102805
8/21/18,1.15,740613,646478,1387091
8/22/18,1.54,771386,501062,1272448
8/23/18,1.36,547123,401335,948458
8/24/18,2.09,843236,404369,1247605
8/27/18,0.99,918061,929068,1847129
8/28/18,1.2,824289,684526,1508815
8/29/18,0.91,746036,818314,1564350
8/30/18,1.29,839475,652559,1492034
8/31/18,1.77,825737,467044,1292781
9/4/18,1.56,726764,464471,1191235
9/5/18,1.57,801461,510339,1311800
9/6/18,1.87,882000,470926,1352926
9/7/18,2.27,954079,420920,1374999
9/10/18,2.47,754604,305972,1060576
9/11/18,1.8,669694,372674,1042368
9/12/18,1.83,761583,416703,1178286
9/13/18,1.78,812965,456312,1269277
9/14/18,1.73,870404,502949,1373353
9/17/18,1.75,802554,458078,1260632
9/18/18,1.6,703649,440351,1144000
9/19/18,2.39,838593,350423,1189016
9/20/18,1.6,1337539,837461,2175000
9/21/18,1.68,1067725,635802,1703527
9/24/18,1.89,864249,457220,1321469
9/25/18,2.04,589966,289385,879351
9/26/18,1.71,688739,403422,1092161
9/27/18,2.22,885386,398439,1283825
9/28/18,2.13,958057,450217,1408274
10/1/18,1.65,728253,441363,1169616
10/2/18,1.96,513930,262294,776224
10/3/18,1.63,711395,437193,1148588
10/4/18,2.11,1192188,565056,1757244
10/5/18,2.17,1131250,521446,1652696
10/8/18,1.75,999583,571215,1570798
10/9/18,1.88,628969,334930,963899
10/10/18,1.9,1777815,935724,2713539
10/11/18,2.46,2104206,855703,2959909
10/12/18,2.12,1600828,755451,2356279
10/15/18,1.63,1013876,621066,1634942
10/16/18,1.57,1114539,711315,1825854
10/17/18,2.24,1193254,533186,1726440
10/18/18,1.74,1111645,637704,1749349
10/19/18,1.8,1031211,573326,1604537
10/22/18,1.74,881179,506505,1387684
10/23/18,1.45,1237681,851376,2089057
10/24/18,1.86,1227405,659025,1886430
10/25/18,1.42,1326761,935466,2262227
10/26/18,2.21,1638137,740093,2378230
10/29/18,1.81,1213345,671916,1885261
10/30/18,1.66,1217530,733579,1951109
10/31/18,1.33,1048745,785929,1834674
11/1/18,1.43,766330,537508,1303838
11/2/18,1.34,856235,636990,1493225
11/5/18,1.63,811866,499118,1310984
11/6/18,1.29,666501,516499,1183000
11/7/18,1.44,1259483,877256,2136739
11/8/18,1.52,782174,513240,1295414
11/9/18,1.44,911437,632990,1544427
11/12/18,1.41,885809,629948,1515757
11/13/18,1.41,907955,644034,1551989
11/14/18,1.91,1073694,563222,1636916
11/15/18,1.42,1061706,745796,1807502
11/16/18,1.43,948055,664824,1612879
11/19/18,1.47,870832,592235,1463067
11/20/18,1.25,1058543,845331,1903874
11/21/18,1.85,996592,538004,1534596
11/23/18,1.69,641715,380802,1022517
11/26/18,1.57,1148375,730560,1878935
11/27/18,1.4,772566,550275,1322841
11/28/18,1.18,950968,809169,1760137
11/29/18,1.18,771575,653760,1425335
11/30/18,1.09,978527,896879,1875406
12/3/18,1.46,915618,626448,1542066
12/4/18,1.57,1343879,855466,2199345
12/6/18,1.77,1321158,745576,2066734
12/7/18,1.9,1383416,727325,2110741
12/10/18,1.38,1310756,952035,2262791
12/11/18,1.49,865877,582103,1447980
12/12/18,1.51,1061216,704798,1766014
12/13/18,1.36,740537,544910,1285447
12/14/18,1.7,1285705,757496,2043201
12/17/18,1.82,1389444,762469,2151913
12/18/18,1.61,1237985,766691,2004676
12/19/18,1.89,1723252,909543,2632795
12/20/18,2.04,1973115,966684,2939799
12/21/18,2.06,1730160,841424,2571584
12/24/18,1.9,1233797,651066,1884863
12/26/18,1.77,1485004,840229,2325233
12/27/18,1.25,1108632,889621,1998253
12/28/18,1.28,1029718,806581,1836299
12/31/18,1.34,931812,697301,1629113
1/2/19,1.57,1166433,742831,1909264
1/3/19,1.75,966551,551831,1518382
1/4/19,1.43,1105177,775459,1880636
1/7/19,1.62,756053,465318,1221371
1/8/19,1.59,897810,566393,1464203
1/9/19,1.39,792543,570474,1363017
1/10/19,1.62,850812,525459,1376271
1/11/19,1.74,1042203,598834,1641037
1/14/19,1.56,604569,387326,991895
1/15/19,1.55,906510,584332,1490842
1/16/19,1.82,1038265,570177,1608442
1/17/19,1.29,718279,557944,1276223
1/18/19,1.37,1169947,856156,2026103
1/22/19,1.47,834397,568522,1402919
1/23/19,1.9,674880,354380,1029260
1/24/19,1.84,520523,283621,804144
1/25/19,1.23,661276,536833,1198109
1/28/19,1.64,676850,413741,1090591
1/29/19,1.81,431359,238176,669535
1/30/19,1.29,693251,539373,1232624
1/31/19,1.29,801481,621764,1423245
2/1/19,1.87,1010246,540647,1550893
2/4/19,1.52,559798,367489,927287
2/5/19,1.48,660039,447280,1107319
2/6/19,1.72,770362,447716,1218078
2/7/19,1.62,828900,513148,1342048
2/8/19,2.26,834624,370096,1204720
2/11/19,1.44,589251,410103,999354
2/12/19,1.43,617626,432791,1050417
2/13/19,2,988510,494137,1482647
2/14/19,1.42,764561,539908,1304469
2/15/19,1.35,724357,535097,1259454
2/19/19,1.58,560748,353914,914662
2/20/19,1.41,538335,382660,920995
2/21/19,1.62,722711,446819,1169530
2/22/19,1.82,749419,412075,1161494
2/25/19,2.03,773569,380585,1154154
2/26/19,1.8,692160,384302,1076462
2/27/19,2.02,592151,293641,885792
2/28/19,1.82,725962,398079,1124041
3/1/19,1.94,799903,412851,1212754
3/4/19,1.93,932500,484236,1416736
3/5/19,1.88,612075,326279,938354
3/6/19,1.7,687229,404557,1091786
3/7/19,1.6,863033,540517,1403550
3/8/19,1.64,961429,585696,1547125
3/11/19,1.58,743601,471790,1215391
3/12/19,1.54,653129,423265,1076394
3/13/19,1.72,1028993,599361,1628354
3/14/19,1.61,704976,437844,1142820
3/15/19,1.71,935904,548305,1484209
3/18/19,1.44,694181,482539,1176720
3/19/19,1.9,879918,464286,1344204
3/20/19,1.57,739639,472454,1212093
3/21/19,1.49,560740,377114,937854
3/22/19,1.72,946061,549845,1495906
3/25/19,1.66,673509,405005,1078514
3/26/19,1.96,633310,323716,957026
3/27/19,1.74,678930,391191,1070121
3/28/19,1.28,508709,398360,907069
3/29/19,1.69,769926,455788,1225714
4/1/19,1.37,798928,583105,1382033
4/2/19,1.74,584173,336430,920603
4/3/19,1.47,860852,587047,1447899
4/4/19,1.45,535018,368716,903734
4/5/19,1.35,663280,490636,1153916
4/8/19,1.36,550813,405847,956660
4/9/19,1.5,631057,420970,1052027
4/10/19,2.14,529212,247624,776836
4/11/19,2.16,453781,209948,663729
4/12/19,1.55,715908,461482,1177390
4/15/19,1.67,651390,388972,1040362
4/16/19,2.11,663387,314483,977870
4/17/19,1.39,957254,689825,1647079
4/18/19,1.79,812506,453137,1265643
4/22/19,1.46,616588,420961,1037549
4/23/19,1.54,736314,478832,1215146
4/24/19,1.84,687941,372980,1060921
4/25/19,1.79,599675,334206,933881
4/26/19,1.87,690361,369993,1060354
4/29/19,1.58,742111,469695,1211806
4/30/19,1.97,857230,434733,1291963
5/1/19,1.7,827139,486485,1313624
5/2/19,1.52,795629,522551,1318180
5/3/19,1.88,814878,433061,1247939
5/6/19,2.13,1000611,469637,1470248
5/7/19,2.31,1268961,549524,1818485
5/8/19,1.99,876192,440940,1317132
5/9/19,2.54,1234842,487027,1721869
5/10/19,1.93,1185289,614127,1799416
5/13/19,1.72,1154530,670039,1824569
5/14/19,1.95,870323,446088,1316411
5/15/19,1.9,809699,425732,1235431
5/16/19,1.32,855392,648108,1503500
5/17/19,1.98,936388,471744,1408132
5/20/19,1.8,625694,347180,972874
5/21/19,1.87,586304,314042,900346
5/22/19,1.73,714987,412141,1127128
5/23/19,1.6,911879,568671,1480550
5/24/19,1.81,709908,393089,1102997
5/28/19,1.93,792296,410605,1202901
5/29/19,2.06,1362498,660667,2023165
5/30/19,1.76,766728,436588,1203316
5/31/19,1.64,1254971,765966,2020937
6/3/19,1.88,994491,528380,1522871
6/4/19,1.52,754685,497267,1251952
6/5/19,1.6,787692,490872,1278564
6/6/19,1.41,648601,459180,1107781
6/7/19,1.48,1005062,677857,1682919
6/10/19,1.06,632220,594174,1226394
6/11/19,1.43,618645,433131,1051776
6/12/19,1.55,630528,406398,1036926
6/13/19,1.83,548496,299093,847589
6/14/19,1.87,693966,371757,1065723
6/17/19,1.97,683650,346774,1030424
6/18/19,1.48,917393,620876,1538269
6/19/19,1.52,934526,613091,1547617
6/20/19,1.24,1184418,955367,2139785
6/21/19,1.77,978334,552460,1530794
6/24/19,1.39,582845,420647,1003492
6/25/19,1.75,870817,498980,1369797
6/26/19,1.62,657138,406823,1063961
6/27/19,1.7,581867,342030,923897
6/28/19,1.36,812329,597086,1409415
7/1/19,1.52,896680,588392,1485072
7/2/19,1.53,622888,406692,1029580
7/3/19,1.09,537018,491688,1028706
7/5/19,1.64,842870,512931,1355801
7/8/19,1.62,818527,505744,1324271
7/9/19,2.14,510456,238098,748554
7/10/19,1.72,751693,437856,1189549
7/11/19,1.82,628855,346209,975064
7/12/19,1.87,806351,432342,1238693
7/15/19,1.82,769254,423250,1192504
7/16/19,1.72,764459,445669,1210128
7/17/19,1.99,843354,422817,1266171
7/18/19,1.74,868223,498787,1367010
7/19/19,2.43,1116852,459129,1575981
7/22/19,1.8,650902,362096,1012998
7/23/19,1.61,493915,307064,800979
7/24/19,1.53,727622,474025,1201647
7/25/19,1.95,554199,284098,838297
7/26/19,1.63,653213,400541,1053754
7/29/19,1.94,580589,299089,879678
7/30/19,2.19,639910,292379,932289
7/31/19,1.99,859131,430665,1289796
8/1/19,2.55,1178395,462489,1640884
8/2/19,2.53,1414228,558977,1973205
8/5/19,2.58,1878024,728398,2606422
8/6/19,2.18,1187143,544902,1732045
8/7/19,1.85,969175,523650,1492825
8/8/19,1.72,806755,467720,1274475
8/9/19,1.64,884223,538668,1422891
8/12/19,2.31,829628,359674,1189302
8/13/19,2.2,878361,399568,1277929
8/14/19,2.31,1509056,654281,2163337
8/15/19,2.3,1026377,446150,1472527
8/16/19,2.22,1163128,524166,1687294
8/19/19,2.33,878611,376727,1255338
8/20/19,2.21,600551,271203,871754
8/21/19,2.87,954279,332304,1286583
8/22/19,2.04,596809,292688,889497
8/23/19,1.92,1271822,663921,1935743
8/26/19,2.22,915295,412296,1327591
8/27/19,2.15,726819,337874,1064693
8/28/19,2.1,880489,419498,1299987
8/29/19,2.26,832222,367755,1199977
8/30/19,2.38,1108930,465111,1574041
9/3/19,2.08,799845,383851,1183696
9/4/19,2.25,868234,386065,1254299
9/5/19,1.62,920801,568747,1489548
9/6/19,2.26,946372,417866,1364238
9/9/19,2.26,908147,401252,1309399
9/10/19,1.61,624056,388376,1012432
9/11/19,1.56,748289,480779,1229068
9/12/19,1.7,899791,529657,1429448
9/13/19,2.09,930004,445323,1375327
9/16/19,2.28,840356,368293,1208649
9/17/19,1.78,681981,383912,1065893
9/18/19,1.83,1157630,633139,1790769
9/19/19,1.85,1004037,542390,1546427
9/20/19,1.95,1040919,532987,1573906
9/23/19,2.29,785150,342329,1127479
9/24/19,2.49,1078691,434013,1512704
9/25/19,2.03,878650,432089,1310739
9/26/19,1.9,613227,322507,935734
9/27/19,2.31,1277097,552515,1829612
9/30/19,2.26,831789,368628,1200417
10/1/19,2.07,818005,395722,1213727
10/2/19,1.82,1463102,804358,2267460
10/3/19,2.42,1094088,453028,1547116
10/4/19,2.32,1015727,437756,1453483